Date,Open,High,Low,Close
0,0,0,0,0
2020-03-31-2,-0.779998779296875,-1.589996337890625,-0.779998779296875,-0.7450027465820312
2020-03-31-3,-0.7600021362304688,-0.410003662109375,0.3300018310546875,-0.285003662109375
2020-03-31-4,-0.29000091552734375,-0.55999755859375,-1.0800018310546875,-0.40999603271484375
2020-03-31-5,-0.4499969482421875,-0.29540252685546875,-0.410003662109375,-0.5800018310546875
2020-03-31-6,-0.529998779296875,0.7204055786132812,0.5400009155273438,-0.06500244140625
2020-03-31-7,-0.0500030517578125,-0.535003662109375,-0.23999786376953125,0.18500518798828125
2020-04-01-1,-2.3700027465820312,-1.9099960327148438,-2.8700027465820312,-2.4000015258789062
2020-04-01-2,0.1100006103515625,-0.7350006103515625,-0.06999969482421875,-0.9499969482421875
2020-04-01-3,-0.904998779296875,-1.2450027465820312,-0.7699966430664062,-0.7995071411132812
2020-04-01-4,-0.625,-0.6999969482421875,-1.2300033569335938,-0.8404998779296875
2020-04-01-5,-1.1199951171875,-0.470001220703125,0.12000274658203125,-0.20499420166015625
2020-04-01-6,-0.2100067138671875,-0.8499984741210938,-0.69000244140625,-0.7150039672851562
2020-04-01-7,-0.6199951171875,0.3899993896484375,-0.214996337890625,0.5600051879882812
2020-04-02-1,-0.45000457763671875,0.5999984741210938,-1.4250030517578125,0.3899993896484375
2020-04-02-2,1.3400039672851562,0.6599960327148438,2.2600021362304688,1.2249984741210938
2020-04-02-3,1.2699966430664062,0.3300018310546875,1.4399948120117188,0.3249969482421875
2020-04-02-4,0.40000152587890625,0.3600006103515625,0.1450042724609375,-0.36499786376953125
2020-04-02-5,-0.40000152587890625,-0.43000030517578125,-0.41500091552734375,0.43499755859375
2020-04-02-6,0.3300018310546875,0.220001220703125,0.37000274658203125,0.1287994384765625
2020-04-02-7,0.26999664306640625,0.5400009155273438,-0.7400054931640625,-0.018798828125
2020-04-03-1,-1.0099945068359375,-0.8600006103515625,-0.4199981689453125,-1.0800018310546875
2020-04-03-2,-0.09999847412109375,-0.80999755859375,-0.9300003051757812,-1.4549942016601562
2020-04-03-3,-1.5300064086914062,-1.470001220703125,-1.2600021362304688,-1.3250045776367188
2020-04-03-4,-1.2999954223632812,-1.2900009155273438,-0.6999969482421875,-0.6749954223632812
2020-04-03-5,-0.6650009155273438,-0.9150009155273438,-0.779998779296875,-0.33499908447265625
2020-04-03-6,-0.345001220703125,0.6650009155273438,-0.160003662109375,0.8799972534179688
2020-04-03-7,0.8400039672851562,0.0,0.8100051879882812,-0.29000091552734375
2020-04-06-1,2.1399993896484375,5.150001525878906,2.5799942016601562,5.225196838378906
2020-04-06-2,2.8699951171875,0.45999908447265625,3.0600051879882812,0.7448043823242188
2020-04-06-3,0.69000244140625,0.8499984741210938,0.5999984741210938,0.7099990844726562
2020-04-06-4,0.779998779296875,0.220001220703125,0.55999755859375,0.112701416015625
2020-04-06-5,0.04000091552734375,-0.279998779296875,-0.339996337890625,-0.6576995849609375
2020-04-06-6,-0.6100006103515625,0.04999542236328125,-0.160003662109375,0.2449951171875
2020-04-06-7,0.23999786376953125,0.25,0.220001220703125,-0.30999755859375
2020-04-07-1,1.8000030517578125,1.5600051879882812,1.2700042724609375,2.2692031860351562
2020-04-07-2,0.12650299072265625,-0.0500030517578125,-0.2050018310546875,-0.1692047119140625
2020-04-07-3,-0.1464996337890625,-0.25,0.3600006103515625,-0.1349945068359375
2020-04-07-4,-0.09000396728515625,-0.03800201416015625,-0.33499908447265625,-0.8550033569335938
2020-04-07-5,-0.8649978637695312,-0.832000732421875,-0.7383041381835938,-0.370697021484375
2020-04-07-6,-0.3650054931640625,-0.43999481201171875,-0.9416961669921875,-0.11930084228515625
2020-04-07-7,-0.17999267578125,0.6199951171875,0.15999603271484375,-0.44000244140625
2020-04-08-1,0.09999847412109375,0.09999847412109375,0.9000015258789062,1.1100006103515625
2020-04-08-2,0.6157989501953125,0.3800048828125,0.45999908447265625,0.529998779296875
2020-04-08-3,0.61419677734375,0.2299957275390625,0.8700027465820312,0.2700042724609375
2020-04-08-4,0.19000244140625,0.720001220703125,0.279998779296875,0.80999755859375
2020-04-08-5,0.80999755859375,1.3100051879882812,0.55999755859375,1.3699951171875
2020-04-08-6,1.3600006103515625,0.42999267578125,1.029998779296875,0.44000244140625
2020-04-08-7,0.470001220703125,0.5300064086914062,0.12000274658203125,-0.029998779296875
2020-04-09-1,0.8249969482421875,3.7099990844726562,1.7099990844726562,3.7300033569335938
2020-04-09-2,2.8050003051757812,0.3600006103515625,2.56500244140625,0.2899932861328125
2020-04-09-3,0.34000396728515625,0.34999847412109375,0.470001220703125,0.7600021362304688
2020-04-09-4,0.7600021362304688,-0.02500152587890625,0.22499847412109375,-0.3946990966796875
2020-04-09-5,-0.375,-0.49500274658203125,-0.779998779296875,-1.025299072265625
2020-04-09-6,-1.0973052978515625,-1.0099945068359375,-1.160003662109375,-0.04000091552734375
2020-04-09-7,-0.0177001953125,0.09999847412109375,0.5400009155273438,-0.26999664306640625
2020-04-13-1,-0.9199981689453125,-0.26000213623046875,-1.8199996948242188,-2.1800003051757812
2020-04-13-2,-1.4899978637695312,-2.1599960327148438,-0.44000244140625,0.12999725341796875
2020-04-13-3,0.1199951171875,0.5400009155273438,0.5400009155273438,0.5699996948242188
2020-04-13-4,0.499603271484375,-0.20000457763671875,-0.9399948120117188,-1.5
2020-04-13-5,-1.4896011352539062,-1.0999984741210938,-0.39000701904296875,-0.3300018310546875
2020-04-13-6,-0.23999786376953125,-0.34000396728515625,-0.279998779296875,0.19000244140625
2020-04-13-7,0.09999847412109375,0.6800003051757812,0.4900054931640625,0.31999969482421875
2020-04-14-1,2.3899993896484375,2.3199996948242188,1.9199981689453125,1.970001220703125
2020-04-14-2,-0.1100006103515625,-0.29999542236328125,-0.07500457763671875,0.12999725341796875
2020-04-14-3,0.15000152587890625,-0.40000152587890625,0.14000701904296875,-0.48999786376953125
2020-04-14-4,-0.5100021362304688,-0.3899993896484375,-0.38500213623046875,-0.3899993896484375
2020-04-14-5,-0.339996337890625,0.37999725341796875,0.06999969482421875,0.6543960571289062
2020-04-14-6,0.6399993896484375,-0.029998779296875,0.3699951171875,0.1656036376953125
2020-04-14-7,0.1699981689453125,0.779998779296875,0.31000518798828125,0.720001220703125
2020-04-15-1,-0.20999908447265625,-0.8799972534179688,-1.8800048828125,-2.625
2020-04-15-2,-1.68499755859375,-1.2900009155273438,-0.2299957275390625,0.5749969482421875
2020-04-15-3,0.5550003051757812,0.48000335693359375,0.1641998291015625,-0.3600006103515625
2020-04-15-4,-0.3600006103515625,-0.09000396728515625,0.21579742431640625,0.43000030517578125
2020-04-15-5,0.4499969482421875,0.0500030517578125,0.0500030517578125,0.23999786376953125
2020-04-15-6,0.23000335693359375,0.06999969482421875,0.1100006103515625,-0.48999786376953125
2020-04-15-7,-0.48000335693359375,-0.5400009155273438,-0.40000152587890625,-0.4199981689453125
2020-04-16-1,0.2700042724609375,0.5199966430664062,-0.6500015258789062,-0.1699981689453125
2020-04-16-2,-0.9000015258789062,-0.7199935913085938,0.5999984741210938,0.1399993896484375
2020-04-16-3,0.1699981689453125,0.20999908447265625,0.0500030517578125,0.01999664306640625
2020-04-16-4,0.029998779296875,-0.23000335693359375,-0.20330047607421875,0.31000518798828125
2020-04-16-5,0.2700042724609375,0.06999969482421875,0.338897705078125,-0.18000030517578125
2020-04-16-6,-0.220001220703125,0.30999755859375,0.08440399169921875,0.6099929809570312
2020-04-16-7,0.7099990844726562,0.18000030517578125,0.37999725341796875,-0.29999542236328125
2020-04-17-1,1.55999755859375,1.4000015258789062,0.5500030517578125,0.94000244140625
2020-04-17-2,-1.029998779296875,-0.6999969482421875,0.0800018310546875,-0.0500030517578125
2020-04-17-3,0.06580352783203125,0.4199981689453125,0.26999664306640625,0.69000244140625
2020-04-17-4,0.6541976928710938,0.19000244140625,0.44000244140625,-0.220001220703125
2020-04-17-5,-0.19000244140625,-0.2400054931640625,-0.20000457763671875,-0.11499786376953125
2020-04-17-6,-0.1699981689453125,0.34000396728515625,-0.15999603271484375,0.625
2020-04-17-7,0.660003662109375,1.0400009155273438,0.9000015258789062,0.45999908447265625
2020-04-20-1,1.4099960327148438,0.34999847412109375,-1.5600051879882812,-1.7600021362304688
2020-04-20-2,-2.7099990844726562,-2.5,-0.220001220703125,-0.12999725341796875
2020-04-20-3,-0.12000274658203125,0.01999664306640625,0.11800384521484375,-0.0850067138671875
2020-04-20-4,-0.07999420166015625,-0.1999969482421875,-0.4080047607421875,-0.5550003051757812
2020-04-20-5,-0.5900039672851562,-0.6599960327148438,-0.6299972534179688,-0.5499954223632812
2020-04-20-6,-0.5199966430664062,-0.26000213623046875,-0.37999725341796875,-0.1100006103515625
2020-04-20-7,-0.1100006103515625,-0.279998779296875,0.0,-0.279998779296875
2020-04-21-1,-1.4200057983398438,-0.7400054931640625,-1.3400039672851562,-0.45999908447265625
2020-04-21-2,0.69000244140625,-0.1399993896484375,-0.15000152587890625,-0.9900054931640625
2020-04-21-3,-0.970001220703125,-0.80999755859375,-0.20999908447265625,-0.149993896484375
2020-04-21-4,-0.1699981689453125,-0.12999725341796875,-0.09999847412109375,0.05999755859375
2020-04-21-5,0.029998779296875,0.1100006103515625,-0.00799560546875,0.25
2020-04-21-6,0.25,0.30999755859375,-0.11199951171875,0.37999725341796875
2020-04-21-7,0.37000274658203125,0.7999954223632812,1.0199966430664062,0.45999908447265625
2020-04-22-1,1.19000244140625,1.9200057983398438,1.1800003051757812,2.1399993896484375
2020-04-22-2,1.4399948120117188,0.5699996948242188,1.470001220703125,0.6800003051757812
2020-04-22-3,0.6650009155273438,0.1100006103515625,0.31999969482421875,-0.10999298095703125
2020-04-22-4,-0.13500213623046875,-0.06000518798828125,0.05999755859375,0.21999359130859375
2020-04-22-5,0.2700042724609375,0.160003662109375,0.160003662109375,-0.1199951171875
2020-04-22-6,-0.1510009765625,0.04000091552734375,0.05999755859375,0.04999542236328125
2020-04-22-7,0.05100250244140625,0.089996337890625,-0.25,-0.31999969482421875
2020-04-23-1,-0.48000335693359375,-0.4799957275390625,-0.8650970458984375,-0.8299942016601562
2020-04-23-2,-0.6200027465820312,-0.5400009155273438,-0.40489959716796875,-0.4900054931640625
2020-04-23-3,-0.5199966430664062,-0.5100021362304688,-0.21990203857421875,0.06999969482421875
2020-04-23-4,0.0500030517578125,-0.25,-0.5801010131835938,-0.5799942016601562
2020-04-23-5,-0.5900039672851562,-0.06999969482421875,0.0,0.279998779296875
2020-04-23-6,0.29000091552734375,-0.12000274658203125,0.1049957275390625,-0.29000091552734375
2020-04-23-7,-0.3300018310546875,-0.32999420166015625,-0.0149993896484375,-0.1300048828125
2020-04-24-1,-0.3594970703125,-0.17000579833984375,-0.3563995361328125,-0.2599945068359375
2020-04-24-2,0.03949737548828125,-0.12999725341796875,0.00640106201171875,0.2095947265625
2020-04-24-3,0.19000244140625,-0.06999969482421875,0.09000396728515625,-0.0395965576171875
2020-04-24-4,-0.029998779296875,0.089996337890625,0.0,0.15999603271484375
2020-04-24-5,0.15999603271484375,0.06500244140625,0.029998779296875,-0.2299957275390625
2020-04-24-6,-0.25,0.11499786376953125,0.09999847412109375,0.404998779296875
2020-04-24-7,0.4199981689453125,0.3470001220703125,0.09000396728515625,-0.095001220703125
2020-04-27-1,0.5100021362304688,0.733001708984375,0.6599960327148438,0.8899993896484375
2020-04-27-2,0.30999755859375,-0.0800018310546875,0.0800018310546875,-0.30999755859375
2020-04-27-3,-0.34999847412109375,0.100006103515625,0.089996337890625,0.48000335693359375
2020-04-27-4,0.49500274658203125,0.0171966552734375,0.0800018310546875,-0.410003662109375
2020-04-27-5,-0.43499755859375,-0.31719970703125,-0.15000152587890625,-0.02500152587890625
2020-04-27-6,-0.0200042724609375,-0.20999908447265625,-0.1999969482421875,-0.19499969482421875
2020-04-27-7,-0.15999603271484375,0.0800018310546875,0.09999847412109375,0.0
2020-04-28-1,1.0999984741210938,2.625,1.1500015258789062,2.3300018310546875
2020-04-28-2,1.19000244140625,-0.6150054931640625,0.20999908447265625,-0.48000335693359375
2020-04-28-3,-0.4900054931640625,-0.30999755859375,-0.5900039672851562,-1.0
2020-04-28-4,-1.0,-0.8899993896484375,0.00020599365234375,0.220001220703125
2020-04-28-5,0.23000335693359375,0.1699981689453125,0.01979827880859375,-0.2599945068359375
2020-04-28-6,-0.23000335693359375,-0.26999664306640625,-0.09999847412109375,0.029998779296875
2020-04-28-7,0.0200042724609375,0.01999664306640625,-0.06000518798828125,0.18999481201171875
2020-04-29-1,1.30999755859375,1.0800018310546875,-1.3299942016601562,-1.4799957275390625
2020-04-29-2,-2.529998779296875,-2.0800018310546875,0.29999542236328125,0.3600006103515625
2020-04-29-3,0.29000091552734375,0.8899993896484375,0.23000335693359375,0.8499984741210938
2020-04-29-4,0.8600006103515625,0.1300048828125,0.45999908447265625,-0.49200439453125
2020-04-29-5,-0.5400009155273438,-0.8600006103515625,-0.75,-0.1352996826171875
2020-04-29-6,-0.09000396728515625,0.40000152587890625,0.5199966430664062,0.41730499267578125
2020-04-29-7,0.4080047607421875,-0.0800018310546875,-0.6699981689453125,-1.0100021362304688
2020-04-30-1,-1.048004150390625,-0.9599990844726562,-1.089996337890625,-0.40000152587890625
2020-04-30-2,-0.37999725341796875,-0.029998779296875,0.75,-0.06999969482421875
2020-04-30-3,-0.0500030517578125,-0.2100067138671875,-0.18000030517578125,-0.00659942626953125
2020-04-30-4,0.0,0.3600006103515625,0.07999420166015625,0.19660186767578125
2020-04-30-5,0.220001220703125,-0.1399993896484375,0.19000244140625,0.01999664306640625
2020-04-30-6,-0.01000213623046875,0.410003662109375,0.09999847412109375,0.48000335693359375
2020-04-30-7,0.46500396728515625,-0.06000518798828125,0.29500579833984375,-0.1699981689453125
2020-05-01-1,-0.9550018310546875,-0.8649978637695312,-2.0050048828125,-1.4599990844726562
2020-05-01-2,-0.6800003051757812,-0.6949996948242188,0.06999969482421875,-0.5300064086914062
2020-05-01-3,-0.48999786376953125,0.029998779296875,-0.1100006103515625,0.7400054931640625
2020-05-01-4,0.6999969482421875,0.45000457763671875,0.3800048828125,-0.20000457763671875
2020-05-01-5,-0.1999969482421875,-0.23000335693359375,0.1999969482421875,0.09999847412109375
2020-05-01-6,0.11499786376953125,-0.279998779296875,-0.3000030517578125,-0.48999786376953125
2020-05-01-7,-0.464996337890625,-0.279998779296875,-0.2899932861328125,0.0800018310546875
2020-05-04-1,-0.18000030517578125,0.06999969482421875,-0.5900039672851562,-0.55999755859375
2020-05-04-2,-0.32140350341796875,0.0800018310546875,0.25,0.5799942016601562
2020-05-04-3,0.5774002075195312,0.18999481201171875,0.5999984741210938,0.4197998046875
2020-05-04-4,0.40399932861328125,0.04000091552734375,0.20000457763671875,0.1302032470703125
2020-05-04-5,0.18000030517578125,0.5750045776367188,0.48999786376953125,0.4199981689453125
2020-05-04-6,0.41500091552734375,0.30500030517578125,0.410003662109375,0.48000335693359375
2020-05-04-7,0.44499969482421875,0.3549957275390625,0.3699951171875,0.089996337890625
2020-05-05-1,-0.25,1.0749969482421875,-0.43000030517578125,0.9500045776367188
2020-05-05-2,1.3000030517578125,0.23000335693359375,1.4199981689453125,-0.10269927978515625
2020-05-05-3,-0.10700225830078125,-0.29000091552734375,-0.01999664306640625,0.3426971435546875
2020-05-05-4,0.33699798583984375,-0.1100006103515625,-0.22869873046875,-0.48999786376953125
2020-05-05-5,-0.45999908447265625,0.43000030517578125,0.1446990966796875,0.6299972534179688
2020-05-05-6,0.6100006103515625,0.04000091552734375,0.04399871826171875,-0.5500030517578125
2020-05-05-7,-0.5699996948242188,-0.7099990844726562,-0.37999725341796875,-0.3699951171875
2020-05-06-1,0.5100021362304688,0.39499664306640625,-2.7900009155273438,-2.3700027465820312
2020-05-06-2,-3.2400054931640625,-3.0949935913085938,-0.34000396728515625,-0.12999725341796875
2020-05-06-3,-0.089996337890625,-0.2400054931640625,-0.26999664306640625,-0.9169998168945312
2020-05-06-4,-0.9300003051757812,-0.8302993774414062,-0.04000091552734375,0.05699920654296875
2020-05-06-5,0.0,0.15180206298828125,-0.44000244140625,-0.5849990844726562
2020-05-06-6,-0.55999755859375,-0.506500244140625,-0.2899932861328125,-0.2550048828125
2020-05-06-7,-0.25,-0.6149978637695312,-0.7100067138671875,-0.37999725341796875
2020-05-07-1,-0.37000274658203125,1.4706954956054688,0.3600006103515625,0.4199981689453125
2020-05-07-2,0.4199981689453125,-1.03070068359375,-0.12999725341796875,0.07500457763671875
2020-05-07-3,0.1100006103515625,0.31719970703125,0.6299972534179688,0.095001220703125
2020-05-07-4,0.029998779296875,-0.347198486328125,-0.30999755859375,-0.410003662109375
2020-05-07-5,-0.37999725341796875,0.0,-0.29000091552734375,-0.0800018310546875
2020-05-07-6,-0.06999969482421875,-0.6699981689453125,-0.44000244140625,-0.470001220703125
2020-05-07-7,-0.48999786376953125,0.220001220703125,0.06000518798828125,0.1300048828125
2020-05-08-1,0.720001220703125,1.0400009155273438,0.6699981689453125,0.7599945068359375
2020-05-08-2,0.149993896484375,-0.48000335693359375,0.09999847412109375,0.31000518798828125
2020-05-08-3,0.31999969482421875,0.06999969482421875,0.34000396728515625,-0.04000091552734375
2020-05-08-4,-0.03499603271484375,-0.06999969482421875,-0.100006103515625,0.089996337890625
2020-05-08-5,0.1199951171875,0.25,0.26000213623046875,0.06000518798828125
2020-05-08-6,0.04500579833984375,-0.12999725341796875,-0.121002197265625,0.01999664306640625
2020-05-08-7,0.01999664306640625,0.589996337890625,0.2760009765625,0.06999969482421875
2020-05-11-1,-0.43000030517578125,-0.8600006103515625,-1.7449951171875,-1.6500015258789062
2020-05-11-2,-1.0800018310546875,-0.357696533203125,0.220001220703125,1.0
2020-05-11-3,0.8700027465820312,0.17769622802734375,0.6749954223632812,0.12000274658203125
2020-05-11-4,0.1750030517578125,0.5600051879882812,0.410003662109375,0.43000030517578125
2020-05-11-5,0.4850006103515625,-0.0200042724609375,-0.2050018310546875,-0.48999786376953125
2020-05-11-6,-0.4600067138671875,-0.18999481201171875,0.1999969482421875,0.375
2020-05-11-7,0.29000091552734375,-0.0200042724609375,-0.1399993896484375,-0.46500396728515625
2020-05-12-1,0.08800506591796875,0.00800323486328125,-0.55999755859375,-0.470001220703125
2020-05-12-2,-0.9879989624023438,-0.8780059814453125,-0.2700042724609375,-0.029998779296875
2020-05-12-3,-0.0500030517578125,-0.06499481201171875,-0.8199996948242188,-1.1500015258789062
2020-05-12-4,-1.1619033813476562,-0.6949996948242188,-0.0099945068359375,0.5600051879882812
2020-05-12-5,0.5319061279296875,0.21849822998046875,0.34999847412109375,-0.12000274658203125
2020-05-12-6,-0.09000396728515625,0.23149871826171875,0.05999755859375,0.34999847412109375
2020-05-12-7,0.32500457763671875,-0.12999725341796875,-0.1199951171875,-0.40999603271484375
2020-05-13-1,-0.6700057983398438,-0.6399993896484375,-1.0100021362304688,-0.470001220703125
2020-05-13-2,-0.154998779296875,-0.029998779296875,0.40999603271484375,0.1699981689453125
2020-05-13-3,0.160003662109375,-0.0800018310546875,-0.48999786376953125,-0.6999969482421875
2020-05-13-4,-0.6650009155273438,-0.12000274658203125,0.23999786376953125,0.25
2020-05-13-5,0.16500091552734375,0.0200042724609375,0.0,-0.1927032470703125
2020-05-13-6,-0.15000152587890625,0.01999664306640625,-0.1100006103515625,0.49269866943359375
2020-05-13-7,0.44000244140625,0.279998779296875,0.42000579833984375,0.26000213623046875
2020-05-14-1,-0.19000244140625,-0.55999755859375,-1.0265045166015625,-0.9899978637695312
2020-05-14-2,-0.5,0.1999969482421875,0.386505126953125,0.47499847412109375
2020-05-14-3,0.48999786376953125,0.6100006103515625,0.3899993896484375,0.595001220703125
2020-05-14-4,0.5900039672851562,0.45999908447265625,0.6199951171875,0.7050018310546875
2020-05-14-5,0.6999969482421875,0.1399993896484375,0.4900054931640625,-0.125
2020-05-14-6,-0.12000274658203125,-0.21999359130859375,-0.48000335693359375,-0.1399993896484375
2020-05-14-7,-0.149993896484375,-0.15000152587890625,0.279998779296875,-0.1300048828125
2020-05-15-1,-0.7300033569335938,-0.31000518798828125,-1.2599945068359375,-0.34999847412109375
2020-05-15-2,0.25,-0.18999481201171875,0.25499725341796875,-0.5100021362304688
2020-05-15-3,-0.48000335693359375,-0.34999847412109375,0.02500152587890625,-0.220001220703125
2020-05-15-4,-0.23499298095703125,-0.3000030517578125,-0.12000274658203125,-0.06999969482421875
2020-05-15-5,-0.10500335693359375,0.339996337890625,0.09999847412109375,0.44000244140625
2020-05-15-6,0.48000335693359375,-0.05999755859375,0.06000518798828125,-0.3300018310546875
2020-05-15-7,-0.37000274658203125,1.0,0.05999755859375,1.3000030517578125
2020-05-18-1,2.2399978637695312,1.4000015258789062,2.1500015258789062,1.05999755859375
2020-05-18-2,0.1450042724609375,0.25,0.2350006103515625,0.6300048828125
2020-05-18-3,0.654998779296875,0.34999847412109375,0.5849990844726562,0.05500030517578125
2020-05-18-4,0.029998779296875,-0.29000091552734375,-0.3800048828125,-0.3650054931640625
2020-05-18-5,-0.37999725341796875,0.470001220703125,0.0200042724609375,0.7300033569335938
2020-05-18-6,0.6999969482421875,0.06330108642578125,0.5199966430664062,-0.2350006103515625
2020-05-18-7,-0.19000244140625,-0.1833038330078125,-0.339996337890625,-0.3950042724609375
2020-05-19-1,-0.9499969482421875,-1.149993896484375,-1.6100006103515625,-1.3299942016601562
2020-05-19-2,-0.8000030517578125,-0.595001220703125,-0.2050018310546875,-0.3300018310546875
2020-05-19-3,-0.29999542236328125,-0.49500274658203125,-0.2350006103515625,-0.23000335693359375
2020-05-19-4,-0.25,-0.089996337890625,-0.029998779296875,-0.05999755859375
2020-05-19-5,-0.04000091552734375,-0.09000396728515625,0.06500244140625,0.15000152587890625
2020-05-19-6,0.13500213623046875,-0.01000213623046875,-0.2649993896484375,-0.23000335693359375
2020-05-19-7,-0.2350006103515625,-0.2321929931640625,-0.42000579833984375,-0.6800003051757812
2020-05-20-1,0.01999664306640625,0.3321990966796875,0.0500030517578125,1.0200042724609375
2020-05-20-2,0.31999969482421875,0.37099456787109375,0.8300018310546875,0.10829925537109375
2020-05-20-3,0.11499786376953125,-0.180999755859375,-0.06999969482421875,-0.1833038330078125
2020-05-20-4,-0.154998779296875,-0.21999359130859375,-0.20999908447265625,-0.31499481201171875
2020-05-20-5,-0.30999755859375,-0.035003662109375,0.0399932861328125,0.279998779296875
2020-05-20-6,0.23999786376953125,0.0500030517578125,-0.04999542236328125,-0.05999755859375
2020-05-20-7,-0.04000091552734375,-0.1300048828125,-0.20000457763671875,-0.25
2020-05-21-1,-0.45999908447265625,-0.22499847412109375,-0.2899932861328125,-0.375
2020-05-21-2,-0.19000244140625,-0.23000335693359375,-0.18000030517578125,-0.2050018310546875
2020-05-21-3,-0.18999481201171875,-0.20999908447265625,-0.15000152587890625,-0.160003662109375
2020-05-21-4,-0.16500091552734375,-0.15999603271484375,0.01000213623046875,0.01000213623046875
2020-05-21-5,0.029998779296875,0.1100006103515625,-0.0200042724609375,0.25
2020-05-21-6,0.24500274658203125,0.18000030517578125,0.2700042724609375,0.15000152587890625
2020-05-21-7,0.15000152587890625,-0.0050048828125,0.125,-0.04000091552734375
2020-05-22-1,-0.0200042724609375,0.8950042724609375,0.06499481201171875,0.9499969482421875
2020-05-22-2,0.9300003051757812,0.01000213623046875,0.529998779296875,-0.34999847412109375
2020-05-22-3,-0.34999847412109375,-0.26000213623046875,0.04500579833984375,0.06999969482421875
2020-05-22-4,0.05999755859375,0.15000152587890625,0.06499481201171875,0.09000396728515625
2020-05-22-5,0.0800018310546875,0.2299957275390625,0.08499908447265625,0.37999725341796875
2020-05-22-6,0.40999603271484375,0.1100006103515625,0.18500518798828125,-0.06999969482421875
2020-05-22-7,-0.089996337890625,0.1999969482421875,0.09999847412109375,0.34999847412109375
2020-05-26-1,1.0699996948242188,1.6400070190429688,0.9499969482421875,1.6699981689453125
2020-05-26-2,0.970001220703125,0.26619720458984375,0.8800048828125,0.04000091552734375
2020-05-26-3,0.029998779296875,0.0337982177734375,-0.100006103515625,-0.31499481201171875
2020-05-26-4,-0.30999755859375,-0.345001220703125,-0.0399932861328125,0.1907958984375
2020-05-26-5,0.1725006103515625,0.19499969482421875,0.1999969482421875,-0.035797119140625
2020-05-26-6,-0.0225067138671875,-0.15999603271484375,-0.222503662109375,-0.19499969482421875
2020-05-26-7,-0.20499420166015625,-0.31999969482421875,-0.40749359130859375,-0.21500396728515625
2020-05-27-1,0.904998779296875,1.339996337890625,1.0,0.7600021362304688
2020-05-27-2,-0.37000274658203125,-0.48999786376953125,-0.3300018310546875,-0.154998779296875
2020-05-27-3,-0.12999725341796875,-0.23999786376953125,-0.01799774169921875,0.0449981689453125
2020-05-27-4,0.04000091552734375,0.07999420166015625,0.24799346923828125,-0.01999664306640625
2020-05-27-5,-0.04000091552734375,0.0200042724609375,-0.09999847412109375,0.2949981689453125
2020-05-27-6,0.29999542236328125,0.37999725341796875,0.3000030517578125,0.33499908447265625
2020-05-27-7,0.34000396728515625,0.25,0.3600006103515625,0.26000213623046875
2020-05-28-1,1.44000244140625,3.1100006103515625,1.5400009155273438,2.839996337890625
2020-05-28-2,1.649993896484375,0.06000518798828125,1.55999755859375,0.3600006103515625
2020-05-28-3,0.37000274658203125,0.1399993896484375,0.3600006103515625,0.01000213623046875
2020-05-28-4,0.00499725341796875,0.37999725341796875,0.06999969482421875,0.4499969482421875
2020-05-28-5,0.45070648193359375,0.3000030517578125,0.220001220703125,0.29000091552734375
2020-05-28-6,0.29929351806640625,0.1399993896484375,0.3699951171875,-0.1100006103515625
2020-05-28-7,-0.11499786376953125,-0.28000640869140625,-0.48999786376953125,-0.18000030517578125
2020-05-29-1,-0.29000091552734375,0.220001220703125,-0.30999755859375,0.0149993896484375
2020-05-29-2,0.1300048828125,-0.220001220703125,0.04999542236328125,-0.17499542236328125
2020-05-29-3,-0.160003662109375,-0.25,0.220001220703125,-0.26000213623046875
2020-05-29-4,-0.279998779296875,-0.04999542236328125,-0.3600006103515625,0.12000274658203125
2020-05-29-5,0.09999847412109375,0.1699981689453125,0.31000518798828125,0.37999725341796875
2020-05-29-6,0.3899993896484375,0.6399993896484375,0.21999359130859375,0.37000274658203125
2020-05-29-7,0.3899993896484375,-0.089996337890625,0.5,-0.1399993896484375
2020-06-01-1,-0.4799957275390625,0.04000091552734375,-0.4799957275390625,0.30999755859375
2020-06-01-2,0.7099990844726562,0.0099945068359375,0.5400009155273438,-0.10500335693359375
2020-06-01-3,-0.1699981689453125,0.23000335693359375,0.12999725341796875,0.2550048828125
2020-06-01-4,0.26039886474609375,-0.07500457763671875,-0.04619598388671875,-0.0200042724609375
2020-06-01-5,-0.005401611328125,0.27500152587890625,0.321197509765625,0.37000274658203125
2020-06-01-6,0.3249969482421875,0.223602294921875,0.31500244140625,-0.029998779296875
2020-06-01-7,-0.029998779296875,-0.223602294921875,-0.20999908447265625,-0.04000091552734375
2020-06-02-1,0.6399993896484375,0.5999984741210938,-0.6500015258789062,-0.25
2020-06-02-2,-0.8899993896484375,-0.6399993896484375,0.279998779296875,0.00499725341796875
2020-06-02-3,-0.04000091552734375,-0.0749969482421875,0.1399993896484375,-0.17499542236328125
2020-06-02-4,-0.1199951171875,-0.2350006103515625,-0.095001220703125,0.06999969482421875
2020-06-02-5,0.029998779296875,-0.0500030517578125,0.0,-0.1300048828125
2020-06-02-6,-0.1450042724609375,-0.09999847412109375,-0.214996337890625,-0.279998779296875
2020-06-02-7,-0.23499298095703125,0.29000091552734375,-0.01000213623046875,0.6200027465820312
2020-06-03-1,0.899993896484375,1.3199996948242188,0.7600021362304688,1.2399978637695312
2020-06-03-2,0.9500045776367188,0.26000213623046875,0.6399993896484375,0.0800018310546875
2020-06-03-3,0.07999420166015625,0.34999847412109375,0.5799942016601562,0.6199951171875
2020-06-03-4,0.5900039672851562,-0.01999664306640625,-0.339996337890625,-0.8600006103515625
2020-06-03-5,-0.8499984741210938,-0.7600021362304688,-0.410003662109375,-0.21999359130859375
2020-06-03-6,-0.23000335693359375,-0.12000274658203125,-0.01999664306640625,0.06999969482421875
2020-06-03-7,0.08499908447265625,0.12000274658203125,0.30999755859375,0.04000091552734375
2020-06-04-1,-0.5449981689453125,-0.6399993896484375,-2.1599960327148438,-1.94000244140625
2020-06-04-2,-1.339996337890625,-0.8899993896484375,0.29999542236328125,0.5999984741210938
2020-06-04-3,0.5499954223632812,-0.029998779296875,-0.10999298095703125,-0.3600006103515625
2020-06-04-4,-0.339996337890625,-0.220001220703125,-0.1100006103515625,-0.3699951171875
2020-06-04-5,-0.34999847412109375,-0.48000335693359375,-0.7800064086914062,-0.7100067138671875
2020-06-04-6,-0.6850051879882812,-0.5699996948242188,-0.6399993896484375,-0.48999786376953125
2020-06-04-7,-0.5049972534179688,0.0500030517578125,0.2700042724609375,0.69000244140625
2020-06-05-1,1.2699966430664062,1.9099960327148438,1.089996337890625,1.529998779296875
2020-06-05-2,0.9500045776367188,0.6204986572265625,0.9800033569335938,0.9099960327148438
2020-06-05-3,0.9199981689453125,0.16950225830078125,0.4199981689453125,-0.5399932861328125
2020-06-05-4,-0.5550003051757812,-0.5400009155273438,0.05999755859375,0.089996337890625
2020-06-05-5,0.08499908447265625,-0.05500030517578125,-0.1100006103515625,-0.2299957275390625
2020-06-05-6,-0.220001220703125,-0.20169830322265625,-0.529998779296875,-0.3000030517578125
2020-06-05-7,-0.31999969482421875,-0.37329864501953125,-0.34999847412109375,-0.37000274658203125
2020-06-08-1,-0.4199981689453125,0.8700027465820312,0.09000396728515625,1.19000244140625
2020-06-08-2,1.25,0.779998779296875,1.3699951171875,0.5199966430664062
2020-06-08-3,0.5199966430664062,-0.09000396728515625,0.3899993896484375,-0.09999847412109375
2020-06-08-4,-0.089996337890625,-0.04000091552734375,-0.04999542236328125,0.26830291748046875
2020-06-08-5,0.23999786376953125,0.220001220703125,0.25,0.15169525146484375
2020-06-08-6,0.160003662109375,-0.15000152587890625,-0.15000152587890625,-0.21999359130859375
2020-06-08-7,-0.20000457763671875,0.595001220703125,0.15999603271484375,0.6100006103515625
2020-06-09-1,0.0,-0.7649993896484375,-2.1899948120117188,-2.7300033569335938
2020-06-09-2,-2.1049957275390625,-1.7299957275390625,-0.26000213623046875,0.19000244140625
2020-06-09-3,0.17499542236328125,-0.160003662109375,0.220001220703125,-0.2700042724609375
2020-06-09-4,-0.25,0.24559783935546875,0.089996337890625,0.5550003051757812
2020-06-09-5,0.5200042724609375,0.234405517578125,0.2400054931640625,-0.28499603271484375
2020-06-09-6,-0.3000030517578125,0.37999725341796875,-0.06000518798828125,0.8600006103515625
2020-06-09-7,0.8899993896484375,-0.05999755859375,0.3800048828125,-0.31000518798828125
2020-06-10-1,-0.40999603271484375,0.6409988403320312,0.01999664306640625,-0.089996337890625
2020-06-10-2,0.029998779296875,-0.59100341796875,-0.089996337890625,-0.09000396728515625
2020-06-10-3,-0.12000274658203125,-0.34999847412109375,-0.20999908447265625,0.18000030517578125
2020-06-10-4,0.17000579833984375,0.19000244140625,0.23999786376953125,-0.26999664306640625
2020-06-10-5,-0.25,-0.160003662109375,-0.34999847412109375,0.1699981689453125
2020-06-10-6,0.15999603271484375,0.12000274658203125,-0.0050048828125,0.26999664306640625
2020-06-10-7,0.279998779296875,0.04000091552734375,0.035003662109375,-0.7299957275390625
2020-06-11-1,-2.0199966430664062,-1.8000030517578125,-3.7099990844726562,-3.3600006103515625
2020-06-11-2,-2.0699996948242188,-1.1999969482421875,0.3899993896484375,0.43000030517578125
2020-06-11-3,0.4199981689453125,-0.6399993896484375,-0.09999847412109375,-0.5
2020-06-11-4,-0.48000335693359375,-0.160003662109375,-0.6500015258789062,-0.660003662109375
2020-06-11-5,-0.6699981689453125,-0.7900009155273438,-0.26000213623046875,0.25
2020-06-11-6,0.26000213623046875,0.15000152587890625,0.160003662109375,-0.09999847412109375
2020-06-11-7,-0.12999725341796875,0.3600006103515625,0.1199951171875,0.34999847412109375
2020-06-12-1,1.589996337890625,0.9599990844726562,0.6350021362304688,0.3000030517578125
2020-06-12-2,-0.9300003051757812,-0.8300018310546875,-0.81500244140625,-0.589996337890625
2020-06-12-3,-0.5702972412109375,-0.229400634765625,0.1300048828125,0.18499755859375
2020-06-12-4,0.1802978515625,-0.2805938720703125,-0.3600006103515625,-0.68499755859375
2020-06-12-5,-0.6800003051757812,-0.5699996948242188,-0.25,0.05999755859375
2020-06-12-6,0.09999847412109375,1.149993896484375,0.4799957275390625,0.4499969482421875
2020-06-12-7,0.4199981689453125,0.1100006103515625,0.11499786376953125,0.279998779296875
2020-06-15-1,-1.3599929809570312,-1.4899978637695312,-1.5149993896484375,-1.149993896484375
2020-06-15-2,0.48999786376953125,0.535003662109375,0.3300018310546875,0.4799957275390625
2020-06-15-3,0.45999908447265625,0.00499725341796875,0.875,0.0500030517578125
2020-06-15-4,0.03499603271484375,0.279998779296875,0.095001220703125,0.15000152587890625
2020-06-15-5,0.17400360107421875,0.45999908447265625,-0.05999755859375,0.6349945068359375
2020-06-15-6,0.6409988403320312,-0.1100006103515625,0.12999725341796875,-0.8050003051757812
2020-06-15-7,-0.7900009155273438,-0.29000091552734375,-0.1399993896484375,0.6399993896484375
2020-06-16-1,2.3499984741210938,2.2450027465820312,1.9199981689453125,1.850006103515625
2020-06-16-2,0.12000274658203125,-0.2671966552734375,-0.7699966430664062,-0.720001220703125
2020-06-16-3,-0.7649993896484375,-0.777801513671875,-0.07500457763671875,-0.48000335693359375
2020-06-16-4,-0.43499755859375,0.089996337890625,0.4250030517578125,0.5200042724609375
2020-06-16-5,0.5099945068359375,0.13500213623046875,0.26000213623046875,0.0
2020-06-16-6,0.0800018310546875,-0.05500030517578125,-1.0600051879882812,-1.1700057983398438
2020-06-16-7,-1.2999954223632812,-1.1100006103515625,-0.43999481201171875,-0.1399993896484375
2020-06-17-1,0.5199966430664062,0.220001220703125,-0.279998779296875,-0.46999359130859375
2020-06-17-2,-1.1200027465820312,-0.6200027465820312,0.089996337890625,0.09999847412109375
2020-06-17-3,0.1300048828125,0.1100006103515625,0.26000213623046875,0.43000030517578125
2020-06-17-4,0.4199981689453125,0.5699996948242188,0.40999603271484375,0.5999984741210938
2020-06-17-5,0.5999984741210938,0.410003662109375,0.5800018310546875,0.37000274658203125
2020-06-17-6,0.40000152587890625,0.029998779296875,0.0,-0.2400054931640625
2020-06-17-7,-0.26000213623046875,-0.3300018310546875,-0.39499664306640625,-0.18000030517578125
2020-06-18-1,-0.55999755859375,-0.029998779296875,-0.5450057983398438,-0.8600006103515625
2020-06-18-2,-0.41500091552734375,-0.5999984741210938,-0.01999664306640625,-0.04999542236328125
2020-06-18-3,-0.10500335693359375,-0.34999847412109375,-0.30500030517578125,-0.20999908447265625
2020-06-18-4,-0.23999786376953125,-0.12000274658203125,-0.00499725341796875,0.04999542236328125
2020-06-18-5,0.06500244140625,0.10500335693359375,0.10999298095703125,0.18000030517578125
2020-06-18-6,0.18499755859375,0.17499542236328125,0.100006103515625,0.06999969482421875
2020-06-18-7,0.06999969482421875,0.20999908447265625,0.0149993896484375,0.31999969482421875
2020-06-19-1,1.2000045776367188,0.8100051879882812,0.14499664306640625,-0.01999664306640625
2020-06-19-2,-0.9000015258789062,-0.8600006103515625,-0.40999603271484375,-0.6949996948242188
2020-06-19-3,-0.7050018310546875,-0.6700057983398438,-0.3000030517578125,-0.1450042724609375
2020-06-19-4,-0.154998779296875,0.25,0.09000396728515625,0.1300048828125
2020-06-19-5,0.14499664306640625,-0.2899932861328125,0.01999664306640625,-0.0800018310546875
2020-06-19-6,-0.06499481201171875,0.3600006103515625,0.09999847412109375,0.18000030517578125
2020-06-19-7,0.18000030517578125,-0.28000640869140625,-1.1899948120117188,-1.3400039672851562
2020-06-22-1,-1.5200042724609375,-0.12999725341796875,-0.34000396728515625,1.1949996948242188
2020-06-22-2,1.3800048828125,0.160003662109375,1.25,-0.1049957275390625
2020-06-22-3,-0.1300048828125,0.0,0.12999725341796875,0.029998779296875
2020-06-22-4,0.06000518798828125,-0.15000152587890625,-0.12999725341796875,-0.1999969482421875
2020-06-22-5,-0.2100067138671875,-0.220001220703125,-0.15999603271484375,0.04999542236328125
2020-06-22-6,0.02500152587890625,-0.0200042724609375,-0.15000152587890625,-0.32999420166015625
2020-06-22-7,-0.2949981689453125,-0.1199951171875,0.09999847412109375,0.17999267578125
2020-06-23-1,1.0699996948242188,1.3199996948242188,0.779998779296875,0.7000045776367188
2020-06-23-2,-0.1999969482421875,-0.6399993896484375,-0.5800018310546875,-0.5500030517578125
2020-06-23-3,-0.6850051879882812,-0.69000244140625,-0.339996337890625,-0.48999786376953125
2020-06-23-4,-0.3661956787109375,-0.05999755859375,-0.16080474853515625,0.18000030517578125
2020-06-23-5,0.17620086669921875,0.220001220703125,0.35080718994140625,0.1999969482421875
2020-06-23-6,0.214996337890625,0.07999420166015625,0.0399932861328125,0.17000579833984375
2020-06-23-7,0.160003662109375,0.125,0.29500579833984375,0.12999725341796875
2020-06-24-1,-0.5699996948242188,-0.0449981689453125,-0.6750030517578125,-0.34999847412109375
2020-06-24-2,0.35999298095703125,-0.26000213623046875,-0.1100006103515625,-0.45999908447265625
2020-06-24-3,-0.4799957275390625,-0.5499954223632812,-0.15999603271484375,-0.15000152587890625
2020-06-24-4,-0.1399993896484375,0.3600006103515625,0.11499786376953125,0.19000244140625
2020-06-24-5,0.18000030517578125,-0.12000274658203125,-0.125,0.17999267578125
2020-06-24-6,0.15000152587890625,0.44000244140625,0.339996337890625,0.3000030517578125
2020-06-24-7,0.30999755859375,0.04999542236328125,0.31000518798828125,0.0800018310546875
2020-06-25-1,-0.1999969482421875,-0.274993896484375,-1.5200042724609375,-1.57080078125
2020-06-25-2,-1.2600021362304688,-1.2350006103515625,-0.04000091552734375,-0.24919891357421875
2020-06-25-3,-0.23000335693359375,-0.20000457763671875,-0.05999755859375,0.2050018310546875
2020-06-25-4,0.18500518798828125,0.22499847412109375,-0.05500030517578125,-0.34000396728515625
2020-06-25-5,-0.31999969482421875,-0.19499969482421875,-0.01000213623046875,0.31500244140625
2020-06-25-6,0.28499603271484375,0.36910247802734375,0.1450042724609375,0.4199981689453125
2020-06-25-7,0.4199981689453125,0.1708984375,0.29000091552734375,-0.19000244140625
2020-06-26-1,-0.18000030517578125,0.4900054931640625,-0.100006103515625,0.470001220703125
2020-06-26-2,0.45999908447265625,-0.42000579833984375,-1.1699981689453125,-1.7900009155273438
2020-06-26-3,-1.7599945068359375,-1.7399978637695312,-0.31999969482421875,-0.0146942138671875
2020-06-26-4,-0.04000091552734375,0.285003662109375,0.292999267578125,0.2646942138671875
2020-06-26-5,0.27500152587890625,0.1649932861328125,-0.01599884033203125,-0.30999755859375
2020-06-26-6,-0.31500244140625,-0.464996337890625,-0.5270004272460938,-0.345001220703125
2020-06-26-7,-0.345001220703125,0.18499755859375,-0.1999969482421875,0.404998779296875
2020-06-29-1,1.1350021362304688,1.0200042724609375,1.0400009155273438,1.0999984741210938
2020-06-29-2,0.29999542236328125,0.2599945068359375,0.7599945068359375,0.3800048828125
2020-06-29-3,0.45000457763671875,-0.01999664306640625,0.29000091552734375,-0.1399993896484375
2020-06-29-4,-0.1399993896484375,0.05999755859375,0.0,0.04000091552734375
2020-06-29-5,0.06999969482421875,-0.1049957275390625,-0.12999725341796875,-0.20000457763671875
2020-06-29-6,-0.220001220703125,0.08499908447265625,0.01999664306640625,0.160003662109375
2020-06-29-7,0.15000152587890625,0.029998779296875,-0.2299957275390625,0.23999786376953125
2020-06-30-1,0.3699951171875,0.9800033569335938,0.5662002563476562,0.5199966430664062
2020-06-30-2,0.3800048828125,0.2299957275390625,0.2837982177734375,0.6200027465820312
2020-06-30-3,0.6199951171875,-0.05999755859375,-0.05999755859375,-1.0199966430664062
2020-06-30-4,-1.0199966430664062,-0.9500045776367188,-0.44000244140625,-0.23000335693359375
2020-06-30-5,-0.2350006103515625,-0.31999969482421875,-0.1999969482421875,-0.06999969482421875
2020-06-30-6,-0.05500030517578125,0.06999969482421875,0.05999755859375,0.029998779296875
2020-06-30-7,0.0200042724609375,0.5200042724609375,0.279998779296875,0.20000457763671875
2020-07-01-1,0.34999847412109375,0.9199981689453125,0.31999969482421875,1.2900009155273438
2020-07-01-2,1.1299972534179688,0.029998779296875,0.7300033569335938,-0.20000457763671875
2020-07-01-3,-0.18000030517578125,0.5200042724609375,0.20999908447265625,0.7600021362304688
2020-07-01-4,0.7399978637695312,0.15999603271484375,0.529998779296875,0.05999755859375
2020-07-01-5,0.09000396728515625,0.1300048828125,0.26000213623046875,0.125
2020-07-01-6,0.1100006103515625,0.3899993896484375,0.12999725341796875,0.49500274658203125
2020-07-01-7,0.5100021362304688,0.31999969482421875,0.3300018310546875,-0.15000152587890625
2020-07-02-1,0.5099945068359375,0.779998779296875,0.6500015258789062,0.6500015258789062
2020-07-02-2,-0.029998779296875,-0.30999755859375,-0.03000640869140625,0.12999725341796875
2020-07-02-3,0.160003662109375,0.07999420166015625,0.1100006103515625,-0.01999664306640625
2020-07-02-4,-0.01000213623046875,-0.15999603271484375,-0.12999725341796875,0.095001220703125
2020-07-02-5,0.05999755859375,0.2299957275390625,0.339996337890625,0.153900146484375
2020-07-02-6,0.20000457763671875,0.0800018310546875,-0.0099945068359375,-0.1439056396484375
2020-07-02-7,-0.18000030517578125,-0.3249969482421875,-0.529998779296875,-0.31499481201171875
2020-07-06-1,0.23999786376953125,0.8349990844726562,-0.2700042724609375,-0.5200042724609375
2020-07-06-2,-1.0800018310546875,-1.5800018310546875,-0.30999755859375,-0.1399993896484375
2020-07-06-3,-0.14499664306640625,-0.25499725341796875,-0.6048049926757812,-0.6999969482421875
2020-07-06-4,-0.6949996948242188,0.154998779296875,0.07480621337890625,0.7099990844726562
2020-07-06-5,0.720001220703125,0.12000274658203125,0.5999984741210938,0.072998046875
2020-07-06-6,0.07999420166015625,-0.14000701904296875,-0.20999908447265625,-0.3079986572265625
2020-07-06-7,-0.3249969482421875,0.15700531005859375,0.0099945068359375,0.4550018310546875
2020-07-07-1,-0.36499786376953125,-0.5070037841796875,-0.9499969482421875,-0.75
2020-07-07-2,0.125,0.20999908447265625,0.779998779296875,0.30500030517578125
2020-07-07-3,0.20499420166015625,-0.15999603271484375,0.01000213623046875,-0.0850067138671875
2020-07-07-4,-0.0449981689453125,0.31999969482421875,0.06500244140625,0.41500091552734375
2020-07-07-5,0.40000152587890625,0.029998779296875,0.339599609375,0.0149993896484375
2020-07-07-6,0.05500030517578125,0.37000274658203125,0.09539794921875,0.3800048828125
2020-07-07-7,0.37000274658203125,0.125,0.220001220703125,-0.01000213623046875
2020-07-08-1,-0.23000335693359375,-0.21500396728515625,-0.3899993896484375,-0.3300018310546875
2020-07-08-2,-0.09000396728515625,-0.220001220703125,-0.0460052490234375,-0.15999603271484375
2020-07-08-3,-0.1999969482421875,0.06000518798828125,0.1510009765625,0.279998779296875
2020-07-08-4,0.2949981689453125,0.5149993896484375,0.24500274658203125,0.25
2020-07-08-5,0.24500274658203125,0.19499969482421875,0.28499603271484375,0.279998779296875
2020-07-08-6,0.29000091552734375,0.0,0.06500244140625,0.06999969482421875
2020-07-08-7,0.05999755859375,-0.09999847412109375,-0.12000274658203125,-0.3600006103515625
2020-07-09-1,-0.8600006103515625,-0.69000244140625,-1.25,-1.1999969482421875
2020-07-09-2,-0.6699981689453125,-0.6699981689453125,-0.6099929809570312,-0.5800018310546875
2020-07-09-3,-0.660003662109375,-0.1100006103515625,0.09999847412109375,0.5200042724609375
2020-07-09-4,0.5600051879882812,0.25,0.43999481201171875,0.375
2020-07-09-5,0.3699951171875,0.15000152587890625,0.23000335693359375,0.18939971923828125
2020-07-09-6,0.20000457763671875,0.5,0.410003662109375,0.18059539794921875
2020-07-09-7,0.18499755859375,0.1999969482421875,0.149993896484375,0.13500213623046875
2020-07-10-1,0.1450042724609375,0.7051010131835938,0.2400054931640625,1.0400009155273438
2020-07-10-2,1.0199966430664062,0.29489898681640625,0.9300003051757812,0.1699981689453125
2020-07-10-3,0.23000335693359375,0.48999786376953125,0.23999786376953125,0.5400009155273438
2020-07-10-4,0.5,0.5200042724609375,0.48999786376953125,0.26999664306640625
2020-07-10-5,0.2599945068359375,-0.18000030517578125,0.23000335693359375,0.09000396728515625
2020-07-10-6,0.125,0.0449981689453125,-0.029998779296875,-0.06500244140625
2020-07-10-7,-0.09999847412109375,-0.0449981689453125,-0.15000152587890625,0.0449981689453125
2020-07-13-1,-0.18499755859375,0.5799942016601562,-0.23000335693359375,0.6200027465820312
2020-07-13-2,0.8300018310546875,0.19000244140625,1.0200042724609375,0.15000152587890625
2020-07-13-3,0.1649932861328125,-0.00499725341796875,0.0399932861328125,-0.160003662109375
2020-07-13-4,-0.18499755859375,0.00499725341796875,-0.029998779296875,0.17000579833984375
2020-07-13-5,0.220001220703125,0.0500030517578125,0.1300048828125,-0.15000152587890625
2020-07-13-6,-0.1699981689453125,-0.26000213623046875,-0.40000152587890625,-0.45999908447265625
2020-07-13-7,-0.45999908447265625,-0.01000213623046875,-0.3000030517578125,0.4499969482421875
2020-07-14-1,0.29999542236328125,0.5699996948242188,0.45000457763671875,0.43000030517578125
2020-07-14-2,0.5999984741210938,0.12000274658203125,0.399993896484375,-0.34000396728515625
2020-07-14-3,-0.3699951171875,-0.44000244140625,-0.2599945068359375,-0.18999481201171875
2020-07-14-4,-0.19000244140625,0.0050048828125,0.05999755859375,0.30999755859375
2020-07-14-5,0.31999969482421875,0.154998779296875,0.09999847412109375,0.09000396728515625
2020-07-14-6,0.09000396728515625,0.5199966430664062,0.27500152587890625,0.6100006103515625
2020-07-14-7,0.6199951171875,0.31999969482421875,0.33499908447265625,-0.3000030517578125
2020-07-15-1,0.3600006103515625,0.779998779296875,0.0800018310546875,1.4300003051757812
2020-07-15-2,0.7550048828125,0.20000457763671875,0.7600021362304688,-0.43000030517578125
2020-07-15-3,-0.41500091552734375,-0.6149978637695312,-0.45999908447265625,-0.5500030517578125
2020-07-15-4,-0.5500030517578125,-0.595001220703125,-0.600006103515625,-0.649993896484375
2020-07-15-5,-0.6699981689453125,-0.41500091552734375,-0.29000091552734375,-0.2100067138671875
2020-07-15-6,-0.20000457763671875,-0.33499908447265625,-0.25,-0.029998779296875
2020-07-15-7,-0.0399932861328125,0.0,-0.1699981689453125,-0.25
2020-07-16-1,-0.12000274658203125,0.30500030517578125,0.1300048828125,0.20999908447265625
2020-07-16-2,0.06999969482421875,0.02500152587890625,0.29999542236328125,0.2400054931640625
2020-07-16-3,0.26000213623046875,-0.2400054931640625,-0.2299957275390625,-0.3600006103515625
2020-07-16-4,-0.37000274658203125,-0.09999847412109375,0.04000091552734375,0.15000152587890625
2020-07-16-5,0.15000152587890625,-0.12999725341796875,-0.0200042724609375,-0.25
2020-07-16-6,-0.23999786376953125,0.339996337890625,0.0200042724609375,0.6199951171875
2020-07-16-7,0.6099929809570312,0.2700042724609375,0.37999725341796875,-0.20999908447265625
2020-07-17-1,0.5200042724609375,0.48999786376953125,0.15000152587890625,0.7900009155273438
2020-07-17-2,0.06999969482421875,0.23999786376953125,0.589996337890625,0.37999725341796875
2020-07-17-3,0.37999725341796875,0.2700042724609375,0.44499969482421875,0.20999908447265625
2020-07-17-4,0.20999908447265625,0.3600006103515625,0.125,0.44000244140625
2020-07-17-5,0.410003662109375,0.7249984741210938,0.36499786376953125,0.7399978637695312
2020-07-17-6,0.7750015258789062,0.11499786376953125,0.6050033569335938,-0.04999542236328125
2020-07-17-7,-0.06500244140625,-0.12999725341796875,0.0800018310546875,-0.04000091552734375
2020-07-20-1,-0.029998779296875,0.7609939575195312,-0.10900115966796875,0.4799957275390625
2020-07-20-2,0.5,-0.17099761962890625,-0.27100372314453125,-0.9699935913085938
2020-07-20-3,-1.0,-1.1399993896484375,-0.3899993896484375,-0.42000579833984375
2020-07-20-4,-0.43000030517578125,-0.15000152587890625,-0.01999664306640625,0.19000244140625
2020-07-20-5,0.19000244140625,0.13500213623046875,0.02500152587890625,0.0
2020-07-20-6,0.01999664306640625,-0.1750030517578125,0.05500030517578125,-0.01999664306640625
2020-07-20-7,-0.0149993896484375,0.03000640869140625,-0.06999969482421875,-0.0800018310546875
2020-07-21-1,0.47499847412109375,1.2061996459960938,0.09999847412109375,1.0699996948242188
2020-07-21-2,0.5,0.4037933349609375,0.9300003051757812,-0.09999847412109375
2020-07-21-3,-0.05999755859375,-0.55999755859375,-0.1300048828125,0.06169891357421875
2020-07-21-4,0.05999755859375,-0.0800018310546875,0.100006103515625,0.1282958984375
2020-07-21-5,0.095001220703125,0.09000396728515625,-0.42000579833984375,-0.6199951171875
2020-07-21-6,-0.625,-0.37000274658203125,-0.07999420166015625,0.15000152587890625
2020-07-21-7,0.16500091552734375,0.01000213623046875,0.0,0.149993896484375
2020-07-22-1,-0.375,0.470001220703125,-0.7400054931640625,0.18000030517578125
2020-07-22-2,0.7299957275390625,0.5199966430664062,1.1984024047851562,0.8300018310546875
2020-07-22-3,0.8000030517578125,0.40000152587890625,0.9016036987304688,0.26000213623046875
2020-07-22-4,0.23000335693359375,0.34999847412109375,0.2599945068359375,0.23999786376953125
2020-07-22-5,0.26999664306640625,0.029998779296875,0.1100006103515625,0.30999755859375
2020-07-22-6,0.3000030517578125,0.0,0.06000518798828125,-0.46999359130859375
2020-07-22-7,-0.45999908447265625,-0.04000091552734375,-0.14000701904296875,0.3699951171875
2020-07-23-1,0.2299957275390625,0.1100006103515625,-0.43000030517578125,-0.7900009155273438
2020-07-23-2,-0.6999969482421875,-0.8600006103515625,-0.09999847412109375,0.06000518798828125
2020-07-23-3,0.1100006103515625,0.410003662109375,0.279998779296875,0.25
2020-07-23-4,0.25499725341796875,-0.05999755859375,0.15000152587890625,0.029998779296875
2020-07-23-5,0.03499603271484375,0.05999755859375,-0.37999725341796875,-0.3800048828125
2020-07-23-6,-0.3899993896484375,-0.29000091552734375,0.1100006103515625,-0.0099945068359375
2020-07-23-7,-0.0099945068359375,0.09000396728515625,-0.34999847412109375,0.26999664306640625
2020-07-24-1,1.029998779296875,1.1299972534179688,0.5999984741210938,-0.05999755859375
2020-07-24-2,-0.8300018310546875,-1.1050033569335938,-0.28600311279296875,-0.23999786376953125
2020-07-24-3,-0.279998779296875,-0.214996337890625,-0.22899627685546875,0.07999420166015625
2020-07-24-4,0.09999847412109375,0.01000213623046875,-0.22499847412109375,-0.5499954223632812
2020-07-24-5,-0.529998779296875,-0.6500015258789062,-0.26000213623046875,-0.01000213623046875
2020-07-24-6,-0.01000213623046875,0.05999755859375,0.1399993896484375,-0.029998779296875
2020-07-24-7,-0.01999664306640625,0.2700042724609375,0.1100006103515625,0.1399993896484375
2020-07-27-1,-0.6699981689453125,-0.8800048828125,-8.669998168945312,-7.489997863769531
2020-07-27-2,-6.661399841308594,-2.75,1.0099945068359375,2.2699966430664062
2020-07-27-3,2.2513961791992188,-1.1899948120117188,1.6300048828125,-0.0449981689453125
2020-07-27-4,-0.01999664306640625,-0.1819000244140625,0.80999755859375,0.39499664306640625
2020-07-27-5,0.37999725341796875,1.9918975830078125,-0.09960174560546875,-0.30289459228515625
2020-07-27-6,-0.35900115966796875,-1.9800033569335938,-0.7602996826171875,-0.39710235595703125
2020-07-27-7,-0.3509979248046875,-0.04999542236328125,0.5399017333984375,0.7900009155273438
2020-07-28-1,0.9099960327148438,1.2299957275390625,1.0199966430664062,0.75
2020-07-28-2,0.6200027465820312,0.3300018310546875,0.470001220703125,0.7949981689453125
2020-07-28-3,0.79010009765625,0.16519927978515625,0.6300048828125,-0.30500030517578125
2020-07-28-4,-0.29010009765625,0.02480316162109375,-0.14000701904296875,0.4199981689453125
2020-07-28-5,0.41500091552734375,0.23999786376953125,0.48000335693359375,0.06999969482421875
2020-07-28-6,0.08499908447265625,-0.01000213623046875,-0.09999847412109375,-0.2599945068359375
2020-07-28-7,-0.27500152587890625,-0.29999542236328125,-0.21500396728515625,9.918212890625e-05
2020-07-29-1,0.27500152587890625,0.31999969482421875,0.09000396728515625,-0.13010406494140625
2020-07-29-2,-0.40000152587890625,-0.404998779296875,-0.31500244140625,-0.29000091552734375
2020-07-29-3,-0.29000091552734375,-0.48000335693359375,-0.43000030517578125,-0.09999847412109375
2020-07-29-4,-0.10810089111328125,-0.035003662109375,0.2350006103515625,0.1100006103515625
2020-07-29-5,0.11310577392578125,-0.0099945068359375,-0.24500274658203125,-0.05500030517578125
2020-07-29-6,-0.0500030517578125,0.089996337890625,0.04000091552734375,0.06999969482421875
2020-07-29-7,0.06500244140625,0.4199981689453125,0.40000152587890625,0.4850006103515625
2020-07-30-1,0.15000152587890625,-0.149993896484375,-0.3600006103515625,-0.15999603271484375
2020-07-30-2,0.1699981689453125,0.5499954223632812,0.7000045776367188,0.35999298095703125
2020-07-30-3,0.3899993896484375,0.279998779296875,0.18999481201171875,0.4900054931640625
2020-07-30-4,0.48999786376953125,0.18000030517578125,0.5600051879882812,-0.06999969482421875
2020-07-30-5,-0.089996337890625,-0.05999755859375,-0.1399993896484375,0.1399993896484375
2020-07-30-6,0.15999603271484375,0.34000396728515625,0.20999908447265625,0.3699951171875
2020-07-30-7,0.34999847412109375,0.089996337890625,0.09999847412109375,0.1100006103515625
2020-07-31-1,-0.20999908447265625,0.12999725341796875,-0.3000030517578125,-0.5699996948242188
2020-07-31-2,-0.220001220703125,-0.32999420166015625,0.0200042724609375,-0.1100006103515625
2020-07-31-3,-0.1999969482421875,-0.30500030517578125,-0.09830474853515625,0.1300048828125
2020-07-31-4,0.18000030517578125,-0.0149993896484375,0.20830535888671875,-0.01000213623046875
2020-07-31-5,-0.0269012451171875,0.1399993896484375,0.06499481201171875,0.12799835205078125
2020-07-31-6,0.13690185546875,0.8799972534179688,0.1450042724609375,0.86700439453125
2020-07-31-7,0.8799972534179688,0.40000152587890625,0.8799972534179688,0.39499664306640625
2020-08-03-1,0.1300048828125,-0.34999847412109375,-1.4300003051757812,-1.1299972534179688
2020-08-03-2,-0.8600006103515625,-0.75,0.45999908447265625,-0.160003662109375
2020-08-03-3,-0.18000030517578125,-0.18000030517578125,-0.34999847412109375,-0.4499969482421875
2020-08-03-4,-0.45999908447265625,-0.3650054931640625,-0.19000244140625,0.089996337890625
2020-08-03-5,0.11499786376953125,0.16500091552734375,0.1399993896484375,0.09999847412109375
2020-08-03-6,0.1049957275390625,0.5200042724609375,0.20000457763671875,0.6200027465820312
2020-08-03-7,0.6300048828125,0.06999969482421875,0.4499969482421875,-0.1699981689453125
2020-08-04-1,-0.44000244140625,-0.160003662109375,-0.279998779296875,0.09999847412109375
2020-08-04-2,0.4199981689453125,0.6200027465820312,0.26000213623046875,0.6350021362304688
2020-08-04-3,0.5900039672851562,0.25,0.3699951171875,-0.125
2020-08-04-4,-0.13500213623046875,-0.38500213623046875,-0.5049972534179688,-0.7000045776367188
2020-08-04-5,-0.695098876953125,-0.595001220703125,-0.38500213623046875,-0.31999969482421875
2020-08-04-6,-0.33989715576171875,-0.32999420166015625,0.0200042724609375,-0.12999725341796875
2020-08-04-7,-0.1300048828125,0.1399993896484375,-0.04000091552734375,0.31999969482421875
2020-08-05-1,0.5999984741210938,0.5,0.30999755859375,0.01999664306640625
2020-08-05-2,-0.279998779296875,-0.45000457763671875,-0.4199981689453125,-0.4199981689453125
2020-08-05-3,-0.39499664306640625,-0.5049972534179688,-0.5699996948242188,-0.45999908447265625
2020-08-05-4,-0.44000244140625,-0.154998779296875,0.20999908447265625,0.1100006103515625
2020-08-05-5,0.08499908447265625,-0.06000518798828125,0.013397216796875,0.0800018310546875
2020-08-05-6,0.0800018310546875,-0.01999664306640625,-0.073394775390625,-0.1399993896484375
2020-08-05-7,-0.12000274658203125,-0.0800018310546875,-0.06999969482421875,0.04000091552734375
2020-08-06-1,-0.7599945068359375,0.75,-1.8100051879882812,0.6299972534179688
2020-08-06-2,1.4300003051757812,-0.089996337890625,1.4900054931640625,-1.1200027465820312
2020-08-06-3,-1.1500015258789062,-1.0999984741210938,-0.2400054931640625,-0.149993896484375
2020-08-06-4,-0.10210418701171875,0.3899993896484375,0.14000701904296875,0.6199951171875
2020-08-06-5,0.6021041870117188,0.23999786376953125,0.5099945068359375,0.1399993896484375
2020-08-06-6,0.1399993896484375,0.029998779296875,0.10500335693359375,-0.02469635009765625
2020-08-06-7,-0.029998779296875,0.40000152587890625,0.02500152587890625,0.474700927734375
2020-08-07-1,-0.6500015258789062,0.23999786376953125,-0.5500030517578125,0.2693939208984375
2020-08-07-2,1.3700027465820312,0.5500030517578125,1.3000030517578125,0.5606002807617188
2020-08-07-3,0.5999984741210938,0.5582962036132812,0.649993896484375,0.5060043334960938
2020-08-07-4,0.4850006103515625,0.33170318603515625,0.3899993896484375,0.2740020751953125
2020-08-07-5,0.279998779296875,-0.1100006103515625,-0.524993896484375,-0.56500244140625
2020-08-07-6,-0.5749969482421875,-0.26000213623046875,0.3249969482421875,0.25
2020-08-07-7,0.2899932861328125,0.12000274658203125,0.15000152587890625,-0.05500030517578125
2020-08-10-1,0.2400054931640625,0.04000091552734375,-0.7300033569335938,0.12999725341796875
2020-08-10-2,-0.19000244140625,-0.1826019287109375,-0.2299957275390625,-0.970001220703125
2020-08-10-3,-0.970001220703125,-0.468902587890625,0.0800018310546875,-0.05500030517578125
2020-08-10-4,-0.06500244140625,-0.37249755859375,-0.160003662109375,0.01500701904296875
2020-08-10-5,0.024505615234375,0.1139984130859375,0.160003662109375,0.05999755859375
2020-08-10-6,0.02050018310546875,0.157501220703125,-0.09000396728515625,0.23999786376953125
2020-08-10-7,0.2599945068359375,-0.157501220703125,0.1999969482421875,-0.05999755859375
2020-08-11-1,-0.8199996948242188,-0.7600021362304688,-1.589996337890625,-1.6399993896484375
2020-08-11-2,-0.8699951171875,-0.8299942016601562,-1.30999755859375,-0.7700042724609375
2020-08-11-3,-0.7600021362304688,-0.720001220703125,0.26999664306640625,-0.06999969482421875
2020-08-11-4,-0.089996337890625,0.05999755859375,0.160003662109375,-0.04000091552734375
2020-08-11-5,-0.03000640869140625,0.12000274658203125,0.089996337890625,0.29000091552734375
2020-08-11-6,0.29000091552734375,0.05999755859375,0.04019927978515625,-0.15000152587890625
2020-08-11-7,-0.15999603271484375,-0.37000274658203125,-0.46019744873046875,-0.2899932861328125
2020-08-12-1,0.1699981689453125,1.2400054931640625,0.7600021362304688,1.0699996948242188
2020-08-12-2,0.6800003051757812,0.279998779296875,0.649993896484375,0.21999359130859375
2020-08-12-3,0.15000152587890625,-0.21500396728515625,-0.0099945068359375,0.23000335693359375
2020-08-12-4,0.23999786376953125,-0.0749969482421875,-0.10810089111328125,-0.5500030517578125
2020-08-12-5,-0.5500030517578125,-0.15999603271484375,-0.04019927978515625,0.3000030517578125
2020-08-12-6,0.31999969482421875,-0.0200042724609375,0.11829376220703125,-0.19000244140625
2020-08-12-7,-0.214996337890625,-0.2299957275390625,-0.25,-0.2299957275390625
2020-08-13-1,-0.8050003051757812,-0.40000152587890625,-0.7299957275390625,-0.5600051879882812
2020-08-13-2,0.01000213623046875,-0.17000579833984375,-0.0149993896484375,-0.15099334716796875
2020-08-13-3,-0.1425018310546875,-0.1999969482421875,-0.07500457763671875,-0.12900543212890625
2020-08-13-4,-0.11750030517578125,0.3300018310546875,-0.15999603271484375,0.5849990844726562
2020-08-13-5,0.5900039672851562,-0.029998779296875,0.43000030517578125,-0.20499420166015625
2020-08-13-6,-0.23000335693359375,-0.20000457763671875,-0.09000396728515625,0.0482940673828125
2020-08-13-7,0.04000091552734375,0.2400054931640625,0.0050048828125,-0.06829833984375
2020-08-14-1,-0.279998779296875,-0.2100067138671875,-0.5250015258789062,-0.1399993896484375
2020-08-14-2,0.1100006103515625,-0.1199951171875,-0.09999847412109375,-0.470001220703125
2020-08-14-3,-0.5,-0.3899993896484375,0.0800018310546875,-0.024993896484375
2020-08-14-4,-0.0149993896484375,-0.0800018310546875,-0.125,-0.04500579833984375
2020-08-14-5,-0.05500030517578125,0.05999755859375,0.19499969482421875,0.1300048828125
2020-08-14-6,0.149993896484375,-0.06999969482421875,-0.07250213623046875,-0.12000274658203125
2020-08-14-7,-0.1399993896484375,-0.06999969482421875,-0.0475006103515625,-0.05999755859375
2020-08-17-1,0.279998779296875,0.21500396728515625,-0.30999755859375,0.12999725341796875
2020-08-17-2,-0.18999481201171875,-0.1750030517578125,0.25009918212890625,-0.12999725341796875
2020-08-17-3,-0.13500213623046875,-0.19499969482421875,-0.54010009765625,-0.608001708984375
2020-08-17-4,-0.595001220703125,-0.404998779296875,-0.2400054931640625,-0.29199981689453125
2020-08-17-5,-0.29000091552734375,-0.31999969482421875,-0.05999755859375,-0.01000213623046875
2020-08-17-6,-0.0099945068359375,-0.1699981689453125,-0.5800018310546875,-0.5449981689453125
2020-08-17-7,-0.5600051879882812,-0.5200042724609375,-0.1699981689453125,-0.27500152587890625
2020-08-18-1,-0.12999725341796875,0.09999847412109375,-0.6200027465820312,-0.31999969482421875
2020-08-18-2,-0.470001220703125,-0.6699981689453125,-0.529998779296875,-0.23999786376953125
2020-08-18-3,-0.2299957275390625,-0.089996337890625,0.37000274658203125,-0.09999847412109375
2020-08-18-4,-0.1150054931640625,-0.220001220703125,-0.09000396728515625,-0.15000152587890625
2020-08-18-5,-0.14499664306640625,0.48999786376953125,-0.0449981689453125,0.720001220703125
2020-08-18-6,0.7099990844726562,0.5250015258789062,0.8050003051757812,0.4199981689453125
2020-08-18-7,0.4199981689453125,-0.08499908447265625,0.3000030517578125,0.0
2020-08-19-1,0.05999755859375,0.0449981689453125,-0.5200042724609375,-0.6299972534179688
2020-08-19-2,-0.6999969482421875,-0.4499969482421875,-0.15999603271484375,0.1399993896484375
2020-08-19-3,0.12000274658203125,0.1049957275390625,0.220001220703125,0.21999359130859375
2020-08-19-4,0.29000091552734375,0.23000335693359375,0.1699981689453125,-0.1399993896484375
2020-08-19-5,-0.19000244140625,-0.0200042724609375,-0.01000213623046875,0.23540496826171875
2020-08-19-6,0.29000091552734375,-0.089996337890625,0.035003662109375,-0.18540191650390625
2020-08-19-7,-0.21929931640625,-0.1399993896484375,-0.46500396728515625,-0.25
2020-08-20-1,-0.49069976806640625,-0.22499847412109375,-0.43000030517578125,-0.410003662109375
2020-08-20-2,-0.12000274658203125,-0.43500518798828125,-0.09999847412109375,-0.2899932861328125
2020-08-20-3,-0.37000274658203125,-0.339996337890625,-0.5214004516601562,-0.25
2020-08-20-4,-0.25,-0.26000213623046875,-0.24859619140625,-0.600006103515625
2020-08-20-5,-0.5499954223632812,-0.3300018310546875,-0.20000457763671875,-0.09999847412109375
2020-08-20-6,-0.1100006103515625,-0.089996337890625,0.0500030517578125,0.06999969482421875
2020-08-20-7,0.05999755859375,-0.1100006103515625,0.029998779296875,0.06000518798828125
2020-08-21-1,-0.15000152587890625,0.220001220703125,-1.19000244140625,-1.220001220703125
2020-08-21-2,-1.0099945068359375,-1.1426010131835938,-0.06999969482421875,0.20999908447265625
2020-08-21-3,0.1875,0.37259674072265625,0.38159942626953125,0.5199966430664062
2020-08-21-4,0.5224990844726562,0.05899810791015625,0.138702392578125,-0.18000030517578125
2020-08-21-5,-0.15000152587890625,0.16100311279296875,0.2397003173828125,0.23000335693359375
2020-08-21-6,0.22499847412109375,-0.01999664306640625,0.19000244140625,0.0149993896484375
2020-08-21-7,0.0149993896484375,0.04999542236328125,-0.06000518798828125,0.1049957275390625
2020-08-24-1,0.26000213623046875,0.1399993896484375,-0.149993896484375,-0.21999359130859375
2020-08-24-2,-0.37999725341796875,0.1399993896484375,0.0532989501953125,0.48199462890625
2020-08-24-3,0.4799957275390625,0.34000396728515625,0.4766998291015625,0.41300201416015625
2020-08-24-4,0.410003662109375,0.5631027221679688,0.5,0.5400009155273438
2020-08-24-5,0.5499954223632812,0.5468978881835938,0.5499954223632812,0.5749969482421875
2020-08-24-6,0.5900039672851562,0.06999969482421875,0.20000457763671875,-0.30999755859375
2020-08-24-7,-0.3300018310546875,-0.06999969482421875,0.05500030517578125,0.220001220703125
2020-08-25-1,0.279998779296875,-0.035003662109375,-0.7649993896484375,-0.8499984741210938
2020-08-25-2,-0.9300003051757812,-0.9449996948242188,-0.410003662109375,-0.31000518798828125
2020-08-25-3,-0.25,-0.1746978759765625,0.121002197265625,0.01000213623046875
2020-08-25-4,-0.04000091552734375,-0.025299072265625,-0.04199981689453125,0.0500030517578125
2020-08-25-5,0.06999969482421875,0.04000091552734375,-0.02899932861328125,-0.04000091552734375
2020-08-25-6,-0.0399932861328125,0.00730133056640625,0.1399993896484375,0.0800018310546875
2020-08-25-7,0.06999969482421875,0.1427001953125,0.06999969482421875,0.029998779296875
2020-08-26-1,-0.6700057983398438,-0.470001220703125,-1.4800033569335938,-1.220001220703125
2020-08-26-2,-0.529998779296875,-0.779998779296875,0.06999969482421875,-0.19000244140625
2020-08-26-3,-0.1725006103515625,-0.05500030517578125,0.01000213623046875,-0.05500030517578125
2020-08-26-4,-0.0625,-0.10500335693359375,0.00499725341796875,0.1300048828125
2020-08-26-5,0.11640167236328125,-0.05999755859375,0.0050048828125,-0.00099945068359375
2020-08-26-6,0.0131988525390625,0.3600006103515625,0.15000152587890625,0.31099700927734375
2020-08-26-7,0.315399169921875,0.07999420166015625,0.05999755859375,-0.114898681640625
2020-08-27-1,0.06000518798828125,0.48000335693359375,0.1132965087890625,0.36989593505859375
2020-08-27-2,0.18000030517578125,-0.25,-0.37329864501953125,-0.6650009155273438
2020-08-27-3,-0.6400070190429688,-0.5400009155273438,0.09000396728515625,0.0149993896484375
2020-08-27-4,0.03000640869140625,-0.02500152587890625,-0.100006103515625,0.07000732421875
2020-08-27-5,0.05999755859375,-0.03499603271484375,0.03000640869140625,-0.03000640869140625
2020-08-27-6,-0.04000091552734375,0.0,0.09999847412109375,0.01000213623046875
2020-08-27-7,0.0,-0.0500030517578125,-0.06999969482421875,-0.01999664306640625
2020-08-28-1,-0.01000213623046875,-0.0800018310546875,-0.94000244140625,-0.8899993896484375
2020-08-28-2,-0.899993896484375,-0.43499755859375,0.14499664306640625,0.13069915771484375
2020-08-28-3,0.12389373779296875,-0.0449981689453125,0.01500701904296875,0.26929473876953125
2020-08-28-4,0.256103515625,0.1699981689453125,0.37999725341796875,0.06000518798828125
2020-08-28-5,0.09999847412109375,-0.095001220703125,-0.3000030517578125,-0.0200042724609375
2020-08-28-6,-0.029998779296875,0.375,0.2400054931640625,0.3950042724609375
2020-08-28-7,0.37999725341796875,0.09000396728515625,0.3699951171875,0.03499603271484375
2020-08-31-1,0.44000244140625,1.7999954223632812,0.5400009155273438,0.6300048828125
2020-08-31-2,0.220001220703125,-1.1500015258789062,-0.44000244140625,-0.6020050048828125
2020-08-31-3,-0.625,-0.5199966430664062,-0.48999786376953125,-0.3979949951171875
2020-08-31-4,-0.3489990234375,-0.45999908447265625,0.1100006103515625,0.0
2020-08-31-5,-0.00600433349609375,0.23999786376953125,-0.05999755859375,0.2599945068359375
2020-08-31-6,0.26000213623046875,0.29000091552734375,0.3549957275390625,0.3800048828125
2020-08-31-7,0.35500335693359375,0.34000396728515625,0.40000152587890625,0.18000030517578125
2020-09-01-1,-0.01500701904296875,-0.34000396728515625,-1.2350006103515625,-1.25
2020-09-01-2,-1.0699996948242188,-0.7849960327148438,-0.05500030517578125,-0.0200042724609375
2020-09-01-3,0.0200042724609375,0.029998779296875,0.2050018310546875,0.30999755859375
2020-09-01-4,0.279998779296875,-0.06500244140625,0.029998779296875,-0.18999481201171875
2020-09-01-5,-0.18000030517578125,-0.06780242919921875,0.0200042724609375,-0.0200042724609375
2020-09-01-6,-0.01000213623046875,0.03780364990234375,-0.1100006103515625,-0.08499908447265625
2020-09-01-7,-0.07999420166015625,0.04999542236328125,0.029998779296875,0.27500152587890625
2020-09-02-1,0.2599945068359375,1.3900070190429688,0.23999786376953125,0.8400039672851562
2020-09-02-2,0.8300018310546875,0.35999298095703125,0.8668975830078125,0.779998779296875
2020-09-02-3,0.8000030517578125,0.40000152587890625,0.8131027221679688,0.43000030517578125
2020-09-02-4,0.43499755859375,0.1100006103515625,0.34000396728515625,-0.09000396728515625
2020-09-02-5,-0.08499908447265625,-0.12999725341796875,0.029998779296875,0.160003662109375
2020-09-02-6,0.12999725341796875,0.4550018310546875,0.04999542236328125,0.4799957275390625
2020-09-02-7,0.48000335693359375,0.08499908447265625,0.48000335693359375,-0.1100006103515625
2020-09-03-1,0.26000213623046875,0.7699966430664062,0.37000274658203125,0.45999908447265625
2020-09-03-2,0.089996337890625,-0.31999969482421875,-0.7950057983398438,-0.7299957275390625
2020-09-03-3,-0.69000244140625,-0.6100006103515625,-0.04000091552734375,-0.15000152587890625
2020-09-03-4,-0.1999969482421875,-0.3600006103515625,-0.6428985595703125,-0.450897216796875
2020-09-03-5,-0.44000244140625,-0.4199981689453125,-0.05210113525390625,-0.14910125732421875
2020-09-03-6,-0.15999603271484375,-0.06999969482421875,-0.29000091552734375,-0.3899993896484375
2020-09-03-7,-0.34999847412109375,0.1100006103515625,-0.10829925537109375,0.6599960327148438
2020-09-04-1,0.6399993896484375,0.279998779296875,0.17830657958984375,-0.45999908447265625
2020-09-04-2,-0.42000579833984375,-0.43000030517578125,-0.600006103515625,-0.6699981689453125
2020-09-04-3,-0.6999969482421875,-0.7600021362304688,-0.399993896484375,0.26000213623046875
2020-09-04-4,0.26000213623046875,0.7600021362304688,0.7260971069335938,0.48999786376953125
2020-09-04-5,0.4799957275390625,-0.2050018310546875,0.2639007568359375,0.01999664306640625
2020-09-04-6,0.00299835205078125,0.375,0.15000152587890625,0.1100006103515625
2020-09-04-7,0.13700103759765625,-0.25,-0.0200042724609375,-0.26999664306640625
2020-09-08-1,-0.2299957275390625,0.0,-1.3600006103515625,-1.2700042724609375
2020-09-08-2,-1.3700027465820312,-1.1199951171875,0.0200042724609375,0.15500640869140625
2020-09-08-3,0.19000244140625,0.1699981689453125,0.1100006103515625,0.4149932861328125
2020-09-08-4,0.4199981689453125,0.69000244140625,0.34999847412109375,0.7700042724609375
2020-09-08-5,0.7900009155273438,0.1999969482421875,0.839599609375,-0.09999847412109375
2020-09-08-6,-0.09999847412109375,-0.12000274658203125,-0.464599609375,0.18000030517578125
2020-09-08-7,0.17499542236328125,0.18000030517578125,0.40000152587890625,-0.20999908447265625
2020-09-09-1,0.31500244140625,1.7400054931640625,0.2649993896484375,1.6899948120117188
2020-09-09-2,1.1699981689453125,-0.3600006103515625,0.75,-0.2689971923828125
2020-09-09-3,-0.26999664306640625,0.029998779296875,0.34999847412109375,0.27899932861328125
2020-09-09-4,0.28499603271484375,0.20999908447265625,0.34999847412109375,0.23999786376953125
2020-09-09-5,0.24500274658203125,0.12999725341796875,0.076904296875,-0.203094482421875
2020-09-09-6,-0.18170166015625,-0.18999481201171875,-0.14690399169921875,-0.09690093994140625
2020-09-09-7,-0.13829803466796875,-0.279998779296875,-0.8199996948242188,-0.720001220703125
2020-09-10-1,-1.2099990844726562,-1.07000732421875,-1.6100006103515625,-1.3300018310546875
2020-09-10-2,-0.8400039672851562,-0.4199981689453125,0.3300018310546875,0.595001220703125
2020-09-10-3,0.6200027465820312,0.1300048828125,0.19000244140625,-0.32500457763671875
2020-09-10-4,-0.34000396728515625,-0.15000152587890625,-0.20000457763671875,0.160003662109375
2020-09-10-5,0.17000579833984375,0.15000152587890625,0.09000396728515625,-0.3899993896484375
2020-09-10-6,-0.40000152587890625,-0.1300048828125,-0.100006103515625,0.0800018310546875
2020-09-10-7,0.0500030517578125,-0.25,0.01000213623046875,-0.18000030517578125
2020-09-11-1,-0.18000030517578125,-0.26999664306640625,-0.339996337890625,0.0
2020-09-11-2,0.04999542236328125,0.095001220703125,0.18169403076171875,0.01999664306640625
2020-09-11-3,-0.04000091552734375,0.17499542236328125,0.0583038330078125,0.345001220703125
2020-09-11-4,0.37000274658203125,0.0735015869140625,0.15000152587890625,-0.29000091552734375
2020-09-11-5,-0.3000030517578125,-0.09349822998046875,-0.20999908447265625,0.1450042724609375
2020-09-11-6,0.19000244140625,0.20999908447265625,0.399993896484375,0.279998779296875
2020-09-11-7,0.279998779296875,0.0800018310546875,0.2100067138671875,0.1399993896484375
2020-09-14-1,0.29000091552734375,1.4899978637695312,0.29999542236328125,1.3199996948242188
2020-09-14-2,1.151702880859375,-0.029998779296875,0.8600006103515625,-0.0800018310546875
2020-09-14-3,-0.091705322265625,0.3249969482421875,0.30999755859375,0.5749969482421875
2020-09-14-4,0.5800018310546875,0.02500152587890625,0.2400054931640625,-0.22499847412109375
2020-09-14-5,-0.20999908447265625,0.01000213623046875,0.1100006103515625,0.1399993896484375
2020-09-14-6,0.089996337890625,-0.1300048828125,-0.4600067138671875,-0.43999481201171875
2020-09-14-7,-0.3899993896484375,-0.2599945068359375,0.0200042724609375,-0.1100006103515625
2020-09-15-1,0.160003662109375,0.6199951171875,0.04999542236328125,0.720001220703125
2020-09-15-2,0.441497802734375,0.09999847412109375,0.40000152587890625,-0.23000335693359375
2020-09-15-3,-0.251495361328125,-0.5099945068359375,-0.5017013549804688,-0.4850006103515625
2020-09-15-4,-0.470001220703125,-0.3899993896484375,-0.18829345703125,0.0449981689453125
2020-09-15-5,0.05999755859375,-0.0500030517578125,-0.1399993896484375,-0.404998779296875
2020-09-15-6,-0.4199981689453125,-0.33499908447265625,-0.5200042724609375,-0.5349960327148438
2020-09-15-7,-0.5100021362304688,0.00499725341796875,0.01000213623046875,0.5400009155273438
2020-09-16-1,0.37999725341796875,0.6300048828125,0.20999908447265625,0.55999755859375
2020-09-16-2,0.7000045776367188,0.29000091552734375,0.9300003051757812,0.339996337890625
2020-09-16-3,0.3249969482421875,-0.1150054931640625,-0.00499725341796875,-0.23999786376953125
2020-09-16-4,-0.22499847412109375,-0.14849853515625,-0.18500518798828125,-0.220001220703125
2020-09-16-5,-0.22989654541015625,0.078399658203125,0.0,0.26000213623046875
2020-09-16-6,0.27989959716796875,0.14510345458984375,-0.3699951171875,-0.34999847412109375
2020-09-16-7,-0.34000396728515625,-0.33499908447265625,0.20999908447265625,0.1199951171875
2020-09-17-1,-0.339996337890625,-0.595001220703125,-1.0600051879882812,-0.6100006103515625
2020-09-17-2,-0.160003662109375,0.04000091552734375,0.4900054931640625,-0.050994873046875
2020-09-17-3,-0.05999755859375,-0.25,-0.220001220703125,-0.1790008544921875
2020-09-17-4,-0.23999786376953125,0.18000030517578125,0.01999664306640625,-0.1399993896484375
2020-09-17-5,-0.1100006103515625,-0.26000213623046875,-0.029998779296875,0.01999664306640625
2020-09-17-6,0.029998779296875,0.04000091552734375,0.0200042724609375,0.125
2020-09-17-7,0.1199951171875,0.30999755859375,0.17999267578125,0.4550018310546875
2020-09-18-1,0.3000030517578125,-0.12000274658203125,-0.37999725341796875,-0.6299972534179688
2020-09-18-2,-0.40999603271484375,-0.45999908447265625,-0.279998779296875,-0.311004638671875
2020-09-18-3,-0.350006103515625,0.10100555419921875,0.1999969482421875,0.32649993896484375
2020-09-18-4,0.34000396728515625,-0.121002197265625,-0.1399993896484375,-0.4654998779296875
2020-09-18-5,-0.5200042724609375,-0.3800048828125,-0.4799957275390625,-0.32999420166015625
2020-09-18-6,-0.29999542236328125,-0.1699981689453125,0.0,0.21999359130859375
2020-09-18-7,0.22499847412109375,0.0200042724609375,0.1199951171875,-0.09999847412109375
2020-09-21-1,-0.535003662109375,-0.19000244140625,-0.839996337890625,-0.029998779296875
2020-09-21-2,0.3800048828125,0.6100006103515625,0.9099960327148438,0.20999908447265625
2020-09-21-3,0.2299957275390625,-0.3000030517578125,-0.18999481201171875,-0.3600006103515625
2020-09-21-4,-0.3699951171875,-0.4199981689453125,-0.3300018310546875,-0.25
2020-09-21-5,-0.25,-0.089996337890625,0.12999725341796875,0.15000152587890625
2020-09-21-6,0.15999603271484375,0.6199951171875,-0.10799407958984375,0.6500015258789062
2020-09-21-7,0.6725006103515625,0.37000274658203125,0.8679962158203125,0.20999908447265625
2020-09-22-1,-0.19249725341796875,0.6800003051757812,-0.23000335693359375,0.7299957275390625
2020-09-22-2,1.1299972534179688,-0.12000274658203125,0.20000457763671875,-0.9099960327148438
2020-09-22-3,-0.891998291015625,-0.18000030517578125,-0.029998779296875,0.6750030517578125
2020-09-22-4,0.6569976806640625,0.31000518798828125,0.75,0.3249969482421875
2020-09-22-5,0.30500030517578125,0.4199981689453125,0.3849945068359375,0.12000274658203125
2020-09-22-6,0.12000274658203125,-0.34000396728515625,-0.20499420166015625,-0.2100067138671875
2020-09-22-7,-0.20000457763671875,-0.1999969482421875,-0.160003662109375,-0.23999786376953125
2020-09-23-1,-0.25,-0.09999847412109375,-0.31999969482421875,-0.18000030517578125
2020-09-23-2,-0.15999603271484375,-0.06999969482421875,0.04000091552734375,-0.06999969482421875
2020-09-23-3,-0.0800018310546875,-0.04000091552734375,-0.029998779296875,0.160003662109375
2020-09-23-4,0.1450042724609375,0.26999664306640625,0.1100006103515625,0.0
2020-09-23-5,0.00499725341796875,-0.339996337890625,-0.27700042724609375,-0.37000274658203125
2020-09-23-6,-0.37000274658203125,-0.2700042724609375,-0.0630035400390625,0.0500030517578125
2020-09-23-7,0.04500579833984375,-0.1199951171875,-0.29999542236328125,-0.26000213623046875
2020-09-24-1,-0.29500579833984375,0.06999969482421875,-0.3600006103515625,-0.279998779296875
2020-09-24-2,-0.21999359130859375,-0.5100021362304688,0.12999725341796875,-0.1300048828125
2020-09-24-3,-0.17000579833984375,1.2600021362304688,0.0200042724609375,1.4300003051757812
2020-09-24-4,1.4599990844726562,0.220001220703125,0.9799957275390625,0.1399993896484375
2020-09-24-5,0.1399993896484375,0.0883941650390625,0.410003662109375,-0.09999847412109375
2020-09-24-6,-0.06999969482421875,-0.16339874267578125,-0.28000640869140625,-0.2649993896484375
2020-09-24-7,-0.29999542236328125,0.13500213623046875,0.125,0.49500274658203125
2020-09-25-1,0.339996337890625,0.34999847412109375,-0.154998779296875,-0.20999908447265625
2020-09-25-2,-0.07999420166015625,0.0,0.25,0.29999542236328125
2020-09-25-3,0.3699951171875,-0.28499603271484375,0.15000152587890625,-0.339996337890625
2020-09-25-4,-0.37999725341796875,-0.02500152587890625,-0.04000091552734375,0.20999908447265625
2020-09-25-5,0.20999908447265625,0.029998779296875,0.1300048828125,0.1100006103515625
2020-09-25-6,0.1100006103515625,0.1999969482421875,0.1100006103515625,0.18000030517578125
2020-09-25-7,0.17499542236328125,0.04000091552734375,0.0099945068359375,-0.06999969482421875
2020-09-28-1,0.345001220703125,0.5709991455078125,0.04000091552734375,0.5999984741210938
2020-09-28-2,0.20000457763671875,0.04900360107421875,0.5200042724609375,-0.12999725341796875
2020-09-28-3,-0.18000030517578125,-0.18000030517578125,0.05999755859375,-0.03000640869140625
2020-09-28-4,0.0149993896484375,-0.1399993896484375,-0.09000396728515625,-0.05499267578125
2020-09-28-5,-0.0449981689453125,0.37999725341796875,0.100006103515625,0.089996337890625
2020-09-28-6,0.05999755859375,-0.339996337890625,-0.3130035400390625,-0.285003662109375
2020-09-28-7,-0.279998779296875,-0.25,-0.1869964599609375,-0.149993896484375
2020-09-29-1,0.18000030517578125,0.5,0.1399993896484375,0.714996337890625
2020-09-29-2,0.40000152587890625,0.11499786376953125,-0.10500335693359375,-0.7600021362304688
2020-09-29-3,-0.7800064086914062,-0.6750030517578125,-0.1049957275390625,0.01900482177734375
2020-09-29-4,0.0,0.1399993896484375,0.06999969482421875,0.21599578857421875
2020-09-29-5,0.23000335693359375,0.15000152587890625,0.29999542236328125,0.26000213623046875
2020-09-29-6,0.3000030517578125,0.1399993896484375,0.26000213623046875,0.03839874267578125
2020-09-29-7,0.01999664306640625,0.0500030517578125,-0.1399993896484375,-0.20839691162109375
2020-09-30-1,0.3600006103515625,0.5400009155273438,0.36640167236328125,0.69000244140625
2020-09-30-2,0.1399993896484375,0.18000030517578125,0.09749603271484375,0.28049468994140625
2020-09-30-3,0.26999664306640625,-0.1300048828125,-0.16390228271484375,-0.13050079345703125
2020-09-30-4,-0.1399993896484375,-0.029998779296875,0.15500640869140625,-0.2299957275390625
2020-09-30-5,-0.23999786376953125,0.1750030517578125,0.09499359130859375,0.14080047607421875
2020-09-30-6,0.15000152587890625,-0.2550048828125,-0.279998779296875,-0.1508026123046875
2020-09-30-7,-0.160003662109375,0.21500396728515625,0.220001220703125,0.160003662109375
2020-10-01-1,0.1300048828125,0.00499725341796875,-0.15999603271484375,0.26999664306640625
2020-10-01-2,0.34999847412109375,0.48000335693359375,0.6949996948242188,0.26000213623046875
2020-10-01-3,0.220001220703125,0.09999847412109375,0.20499420166015625,0.31999969482421875
2020-10-01-4,0.29000091552734375,0.09000396728515625,0.2100067138671875,-0.06999969482421875
2020-10-01-5,-0.0500030517578125,-0.1266021728515625,-0.2700042724609375,-0.06000518798828125
2020-10-01-6,-0.0500030517578125,0.1865997314453125,0.23000335693359375,0.06999969482421875
2020-10-01-7,0.0800018310546875,0.29999542236328125,0.1399993896484375,0.5400009155273438
2020-10-02-1,0.20000457763671875,0.5100021362304688,-0.29000091552734375,0.5100021362304688
2020-10-02-2,0.8349990844726562,0.7700042724609375,1.19000244140625,0.43000030517578125
2020-10-02-3,0.43499755859375,0.1199951171875,0.5349960327148438,0.05999755859375
2020-10-02-4,0.0800018310546875,0.42000579833984375,0.11499786376953125,0.8100051879882812
2020-10-02-5,0.7900009155273438,0.2599945068359375,0.6200027465820312,0.29999542236328125
2020-10-02-6,0.30999755859375,0.26000213623046875,0.30500030517578125,0.2400054931640625
2020-10-02-7,0.23999786376953125,0.18000030517578125,0.14499664306640625,-0.100006103515625
2020-10-05-1,-0.1699981689453125,-0.30999755859375,-0.8799972534179688,-0.1999969482421875
2020-10-05-2,-0.1100006103515625,0.9199981689453125,0.69000244140625,1.0199966430664062
2020-10-05-3,0.9499969482421875,0.20999908447265625,1.095001220703125,0.17000579833984375
2020-10-05-4,0.21500396728515625,0.11009979248046875,0.17499542236328125,0.149993896484375
2020-10-05-5,0.13500213623046875,0.1298980712890625,0.160003662109375,0.20000457763671875
2020-10-05-6,0.20999908447265625,0.660003662109375,0.21999359130859375,0.5699996948242188
2020-10-05-7,0.55999755859375,-0.0149993896484375,0.23000335693359375,-0.1399993896484375
2020-10-06-1,-0.589996337890625,0.09999847412109375,-0.45999908447265625,-0.0149993896484375
2020-10-06-2,0.4499969482421875,0.7350006103515625,0.6999969482421875,0.875
2020-10-06-3,0.8700027465820312,0.6500015258789062,0.75,0.8600006103515625
2020-10-06-4,0.875,0.6599960327148438,0.9800033569335938,0.31999969482421875
2020-10-06-5,0.30500030517578125,0.160003662109375,-0.07500457763671875,0.43000030517578125
2020-10-06-6,0.43999481201171875,0.05999755859375,-0.34499359130859375,-1.1300048828125
2020-10-06-7,-1.1399993896484375,-0.9499969482421875,-0.03000640869140625,0.0200042724609375
2020-10-07-1,0.3800048828125,0.9199981689453125,0.22800445556640625,0.779998779296875
2020-10-07-2,0.43999481201171875,-0.15990447998046875,-0.09799957275390625,-0.7399978637695312
2020-10-07-3,-0.7299957275390625,-0.7800979614257812,-0.3800048828125,-0.12000274658203125
2020-10-07-4,-0.1300048828125,-0.12000274658203125,0.14000701904296875,0.16500091552734375
2020-10-07-5,0.160003662109375,0.3560028076171875,0.0399932861328125,0.42099761962890625
2020-10-07-6,0.3899993896484375,0.194000244140625,0.5800018310546875,0.0989990234375
2020-10-07-7,0.1100006103515625,-0.04000091552734375,-0.23999786376953125,-0.43499755859375
2020-10-08-1,-0.1100006103515625,0.5800018310546875,0.0,0.29000091552734375
2020-10-08-2,-0.05999755859375,-0.5800018310546875,-0.2389984130859375,-0.44000244140625
2020-10-08-3,-0.345001220703125,0.3600006103515625,0.0489959716796875,1.0
2020-10-08-4,0.9449996948242188,0.23529815673828125,0.69000244140625,0.043701171875
2020-10-08-5,0.03499603271484375,0.12470245361328125,0.31780242919921875,0.15630340576171875
2020-10-08-6,0.15500640869140625,-0.12999725341796875,-0.09780120849609375,-0.32000732421875
2020-10-08-7,-0.32000732421875,-0.2400054931640625,-0.160003662109375,0.03000640869140625
2020-10-09-1,0.6100006103515625,0.5,-0.6100006103515625,-0.5300064086914062
2020-10-09-2,-1.1199951171875,-0.2599945068359375,0.09000396728515625,0.8100051879882812
2020-10-09-3,0.8300018310546875,0.25,0.4799957275390625,-0.220001220703125
2020-10-09-4,-0.26000213623046875,-0.3000030517578125,-0.21999359130859375,0.06500244140625
2020-10-09-5,0.095001220703125,-0.12000274658203125,0.29999542236328125,-0.16500091552734375
2020-10-09-6,-0.1450042724609375,0.41500091552734375,0.1399993896484375,0.5199966430664062
2020-10-09-7,0.5,0.0050048828125,0.3600006103515625,0.0
2020-10-12-1,-0.15000152587890625,0.20999908447265625,-0.7999954223632812,0.15000152587890625
2020-10-12-2,0.29000091552734375,0.43999481201171875,1.0799942016601562,0.464996337890625
2020-10-12-3,0.470001220703125,0.160003662109375,0.33100128173828125,-0.0099945068359375
2020-10-12-4,-0.01000213623046875,0.5,0.05899810791015625,0.7599945068359375
2020-10-12-5,0.7649993896484375,0.00499725341796875,0.470001220703125,-0.14499664306640625
2020-10-12-6,-0.1649932861328125,-0.20499420166015625,-0.26999664306640625,-0.089996337890625
2020-10-12-7,-0.1100006103515625,-0.09000396728515625,-0.160003662109375,-0.5200042724609375
2020-10-13-1,-1.0500030517578125,-1.0,-1.5,-1.2099990844726562
2020-10-13-2,-0.6500015258789062,-0.6999969482421875,-0.43000030517578125,-0.5400009155273438
2020-10-13-3,-0.5463943481445312,0.19499969482421875,-0.04999542236328125,0.5449981689453125
2020-10-13-4,0.5763931274414062,-0.16500091552734375,0.5149993896484375,-0.274993896484375
2020-10-13-5,-0.2899932861328125,0.04000091552734375,-0.095001220703125,0.1199951171875
2020-10-13-6,0.1199951171875,0.5099945068359375,0.12000274658203125,0.6500015258789062
2020-10-13-7,0.6699981689453125,0.100006103515625,0.23999786376953125,-0.5199966430664062
2020-10-14-1,-0.23999786376953125,0.1100006103515625,-0.20999908447265625,0.4799957275390625
2020-10-14-2,0.18499755859375,-0.3300018310546875,0.09999847412109375,-0.3300018310546875
2020-10-14-3,-0.3549957275390625,-0.26380157470703125,-0.06500244140625,-0.09999847412109375
2020-10-14-4,-0.09000396728515625,-0.106201171875,-0.1999969482421875,-0.30999755859375
2020-10-14-5,-0.29999542236328125,-0.15999603271484375,-0.2550048828125,0.06500244140625
2020-10-14-6,0.05999755859375,0.1999969482421875,0.3000030517578125,0.18499755859375
2020-10-14-7,0.19000244140625,0.06999969482421875,0.23999786376953125,0.15000152587890625
2020-10-15-1,-0.660003662109375,-0.19000244140625,-0.5699996948242188,-0.28000640869140625
2020-10-15-2,0.5500030517578125,0.3202056884765625,0.06999969482421875,0.26000213623046875
2020-10-15-3,0.25,0.21070098876953125,0.43000030517578125,0.4199981689453125
2020-10-15-4,0.4199981689453125,0.7140960693359375,0.5988998413085938,0.6571044921875
2020-10-15-5,0.6399993896484375,0.10500335693359375,0.5011062622070312,-0.21710205078125
2020-10-15-6,-0.220001220703125,-0.3800048828125,-0.5600051879882812,-0.529998779296875
2020-10-15-7,-0.529998779296875,-0.470001220703125,-0.1399993896484375,-0.15000152587890625
2020-10-16-1,0.09000396728515625,0.5699996948242188,-0.09999847412109375,0.3000030517578125
2020-10-16-2,0.05999755859375,0.6500015258789062,0.26999664306640625,1.089996337890625
2020-10-16-3,1.0900039672851562,0.1100006103515625,1.0450057983398438,0.01000213623046875
2020-10-16-4,0.01999664306640625,0.220001220703125,0.2350006103515625,0.339996337890625
2020-10-16-5,0.339996337890625,0.30999755859375,0.279998779296875,0.29000091552734375
2020-10-16-6,0.285003662109375,0.03000640869140625,0.220001220703125,0.06000518798828125
2020-10-16-7,0.06999969482421875,0.029998779296875,0.05999755859375,-0.100006103515625
2020-10-19-1,-0.19499969482421875,0.1100006103515625,-0.285003662109375,0.10680389404296875
2020-10-19-2,0.214996337890625,0.04999542236328125,-0.2449951171875,-0.5568008422851562
2020-10-19-3,-0.5749969482421875,-0.5100021362304688,0.12999725341796875,0.09999847412109375
2020-10-19-4,0.06999969482421875,0.3300018310546875,0.01999664306640625,0.5
2020-10-19-5,0.48999786376953125,0.20000457763671875,0.37000274658203125,0.1399993896484375
2020-10-19-6,0.19000244140625,-0.0500030517578125,-0.18000030517578125,-0.25
2020-10-19-7,-0.2649993896484375,-0.1100006103515625,-0.19000244140625,-0.279998779296875
2020-10-20-1,0.345001220703125,0.19000244140625,-0.649993896484375,-0.5439987182617188
2020-10-20-2,-1.1399993896484375,-0.5500030517578125,0.20999908447265625,0.0189971923828125
2020-10-20-3,-0.01000213623046875,-0.45999908447265625,-0.220001220703125,-0.23999786376953125
2020-10-20-4,-0.214996337890625,0.29000091552734375,0.10500335693359375,0.595001220703125
2020-10-20-5,0.5749969482421875,0.0800018310546875,0.23499298095703125,-0.29250335693359375
2020-10-20-6,-0.29000091552734375,-0.31999969482421875,-0.75,-0.277496337890625
2020-10-20-7,-0.28499603271484375,-0.0500030517578125,0.2550048828125,0.19000244140625
2020-10-21-1,-0.125,0.48000335693359375,0.02500152587890625,-0.1450042724609375
2020-10-21-2,0.17499542236328125,-0.31999969482421875,-0.06000518798828125,-0.11499786376953125
2020-10-21-3,-0.14499664306640625,0.05999755859375,0.20000457763671875,0.37999725341796875
2020-10-21-4,0.404998779296875,-0.23000335693359375,-0.06999969482421875,-0.029998779296875
2020-10-21-5,-0.0149993896484375,0.100006103515625,0.3040008544921875,0.06999969482421875
2020-10-21-6,0.06999969482421875,-0.03000640869140625,-0.5139999389648438,-0.44499969482421875
2020-10-21-7,-0.45999908447265625,-0.44499969482421875,-0.0800018310546875,-0.0449981689453125
2020-10-22-1,-0.2700042724609375,1.4250030517578125,-0.29000091552734375,1.4499969482421875
2020-10-22-2,1.7300033569335938,0.7699966430664062,1.9000015258789062,0.5100021362304688
2020-10-22-3,0.470001220703125,-0.21999359130859375,0.1100006103515625,-0.10469818115234375
2020-10-22-4,-0.1300048828125,-0.160003662109375,-0.07500457763671875,-0.30030059814453125
2020-10-22-5,-0.2599945068359375,-0.25,-0.2449951171875,-0.33499908447265625
2020-10-22-6,-0.3600006103515625,-0.01999664306640625,0.09499359130859375,0.43000030517578125
2020-10-22-7,0.48999786376953125,0.21999359130859375,0.32500457763671875,0.149993896484375
2020-10-23-1,0.04000091552734375,0.04000091552734375,-0.31000518798828125,-0.40999603271484375
2020-10-23-2,-0.3600006103515625,-0.04999542236328125,0.17000579833984375,0.25
2020-10-23-3,0.25,-0.20000457763671875,-0.2400054931640625,-0.16010284423828125
2020-10-23-4,-0.1699981689453125,-0.04999542236328125,0.160003662109375,0.1201019287109375
2020-10-23-5,0.1199951171875,0.05999755859375,0.1100006103515625,-0.01999664306640625
2020-10-23-6,0.0149993896484375,-0.0449981689453125,-0.18000030517578125,-0.37000274658203125
2020-10-23-7,-0.3849945068359375,-0.07500457763671875,-0.02500152587890625,0.25
2020-10-26-1,-0.160003662109375,0.94000244140625,-0.125,0.8000030517578125
2020-10-26-2,1.1750030517578125,0.18810272216796875,0.8050003051757812,0.024993896484375
2020-10-26-3,0.04999542236328125,0.22190093994140625,0.31500244140625,0.345001220703125
2020-10-26-4,0.345001220703125,0.43999481201171875,0.17499542236328125,0.285003662109375
2020-10-26-5,0.279998779296875,0.3300018310546875,0.5050048828125,0.7449951171875
2020-10-26-6,0.75,0.1399993896484375,0.45999908447265625,-0.05500030517578125
2020-10-26-7,-0.05500030517578125,-0.0800018310546875,-0.5900039672851562,-0.404998779296875
2020-10-27-1,-0.9249954223632812,-0.7199935913085938,-1.1699981689453125,-0.595001220703125
2020-10-27-2,-0.1100006103515625,-0.07000732421875,0.8600006103515625,0.19000244140625
2020-10-27-3,0.23999786376953125,0.4600067138671875,0.1999969482421875,0.22499847412109375
2020-10-27-4,0.20000457763671875,-0.37000274658203125,-0.18999481201171875,-0.23999786376953125
2020-10-27-5,-0.24500274658203125,-0.12000274658203125,-0.375,-0.6268997192382812
2020-10-27-6,-0.595001220703125,-0.339996337890625,0.05500030517578125,0.166900634765625
2020-10-27-7,0.1399993896484375,-0.09000396728515625,-0.01000213623046875,-0.20000457763671875
2020-10-28-1,-0.6399993896484375,0.5600051879882812,-0.8300018310546875,0.15000152587890625
2020-10-28-2,0.6100006103515625,-0.5200042724609375,-0.18499755859375,-1.1199951171875
2020-10-28-3,-1.1299972534179688,-0.9099960327148438,-0.11499786376953125,0.399993896484375
2020-10-28-4,0.37999725341796875,-0.0800018310546875,-0.31000518798828125,-0.779998779296875
2020-10-28-5,-0.6800003051757812,-0.55999755859375,-0.43349456787109375,-0.1199951171875
2020-10-28-6,-0.18499755859375,-0.2700042724609375,-0.1165008544921875,-0.0500030517578125
2020-10-28-7,-0.06500244140625,0.15000152587890625,-0.3300018310546875,-0.65899658203125
2020-10-29-1,-0.94000244140625,-1.0,-1.3400039672851562,-0.47100067138671875
2020-10-29-2,-0.1699981689453125,0.09999847412109375,0.7800064086914062,0.18499755859375
2020-10-29-3,0.19000244140625,-0.1699981689453125,0.08809661865234375,-0.21500396728515625
2020-10-29-4,-0.2400054931640625,0.220001220703125,0.13189697265625,0.5500030517578125
2020-10-29-5,0.5500030517578125,1.0800018310546875,0.5500030517578125,0.9199981689453125
2020-10-29-6,0.94000244140625,0.0,0.1999969482421875,-0.5699996948242188
2020-10-29-7,-0.5500030517578125,-0.43000030517578125,-0.07999420166015625,-0.20999908447265625
2020-10-30-1,-0.18000030517578125,0.089996337890625,-0.75,-0.4799957275390625
2020-10-30-2,-0.589996337890625,-1.0999984741210938,-1.0100021362304688,-0.3899993896484375
2020-10-30-3,-0.37000274658203125,0.80999755859375,0.720001220703125,1.1149978637695312
2020-10-30-4,1.0500030517578125,-0.1399993896484375,0.6500015258789062,-0.5250015258789062
2020-10-30-5,-0.45989990234375,-0.30999755859375,-0.33499908447265625,-0.464996337890625
2020-10-30-6,-0.4951019287109375,-0.18000030517578125,-0.45000457763671875,0.23499298095703125
2020-10-30-7,0.25499725341796875,0.0800018310546875,0.1450042724609375,-0.06999969482421875
2020-11-02-1,0.8400039672851562,0.6399993896484375,0.2899932861328125,0.660003662109375
2020-11-02-2,-0.2400054931640625,-0.20999908447265625,0.28000640869140625,0.12000274658203125
2020-11-02-3,0.09000396728515625,0.18000030517578125,0.46999359130859375,0.1699981689453125
2020-11-02-4,0.2050018310546875,-0.02500152587890625,-0.25,-0.5050048828125
2020-11-02-5,-0.4850006103515625,-0.095001220703125,0.06000518798828125,0.37000274658203125
2020-11-02-6,0.3549957275390625,0.31999969482421875,0.36499786376953125,0.21500396728515625
2020-11-02-7,0.18500518798828125,0.12999725341796875,0.0449981689453125,0.20999908447265625
2020-11-03-1,1.149993896484375,0.8499984741210938,0.09999847412109375,0.31999969482421875
2020-11-03-2,-0.5999984741210938,-0.43999481201171875,0.01500701904296875,0.04999542236328125
2020-11-03-3,0.06999969482421875,0.34999847412109375,0.0449981689453125,-0.5449981689453125
2020-11-03-4,-0.5499954223632812,-0.8899993896484375,-0.2649993896484375,-0.2299957275390625
2020-11-03-5,-0.20000457763671875,-0.12000274658203125,-0.18500518798828125,-0.27500152587890625
2020-11-03-6,-0.29999542236328125,-0.029998779296875,0.04000091552734375,0.30500030517578125
2020-11-03-7,0.31999969482421875,0.55999755859375,0.20999908447265625,0.0149993896484375
2020-11-04-1,-0.18000030517578125,0.6100006103515625,-0.43499755859375,0.7900009155273438
2020-11-04-2,0.9099960327148438,-0.399993896484375,0.6350021362304688,0.089996337890625
2020-11-04-3,0.17000579833984375,0.21999359130859375,0.30999755859375,-0.16989898681640625
2020-11-04-4,-0.14000701904296875,-0.12999725341796875,0.029998779296875,-0.1587982177734375
2020-11-04-5,-0.1999969482421875,-0.23000335693359375,-0.7750015258789062,-0.7913055419921875
2020-11-04-6,-0.779998779296875,-0.7649993896484375,-0.28499603271484375,-0.2599945068359375
2020-11-04-7,-0.2700042724609375,-0.39499664306640625,-0.19000244140625,-0.19000244140625
2020-11-05-1,0.7400054931640625,2.4000015258789062,0.7710037231445312,2.5699996948242188
2020-11-05-2,1.6199951171875,-0.1300048828125,0.9889984130859375,-0.904998779296875
2020-11-05-3,-0.8499984741210938,-0.5699996948242188,-0.7099990844726562,-0.5550003051757812
2020-11-05-4,-0.5800018310546875,-0.214996337890625,0.19000244140625,0.40000152587890625
2020-11-05-5,0.43000030517578125,-0.154998779296875,0.05999755859375,-0.09999847412109375
2020-11-05-6,-0.1699981689453125,0.1399993896484375,0.0449981689453125,0.34499359130859375
2020-11-05-7,0.369598388671875,-0.00040435791015625,-0.7549972534179688,-1.2449951171875
2020-11-06-1,-0.7895965576171875,0.010406494140625,-0.1100006103515625,1.0
2020-11-06-2,0.48999786376953125,-0.0200042724609375,0.6999969482421875,-0.3800048828125
2020-11-06-3,-0.3249969482421875,-0.3300018310546875,-0.15999603271484375,-0.1199951171875
2020-11-06-4,-0.12000274658203125,-0.12999725341796875,0.0749969482421875,-0.01000213623046875
2020-11-06-5,-0.00499725341796875,-0.20999908447265625,-0.17499542236328125,-0.0699005126953125
2020-11-06-6,-0.0500030517578125,-0.05999755859375,-0.14000701904296875,-0.10009765625
2020-11-06-7,-0.1399993896484375,0.0399932861328125,0.06999969482421875,-0.06999969482421875
2020-11-09-1,1.0400009155273438,3.0100021362304688,1.160003662109375,1.3649978637695312
2020-11-09-2,0.3000030517578125,-1.589996337890625,-0.5400009155273438,-0.1750030517578125
2020-11-09-3,-0.160003662109375,-0.12000274658203125,0.16500091552734375,0.100006103515625
2020-11-09-4,0.06999969482421875,0.15000152587890625,0.5149993896484375,0.07999420166015625
2020-11-09-5,0.04000091552734375,-0.34999847412109375,-1.0999984741210938,-1.0799942016601562
2020-11-09-6,-1.035003662109375,-0.5300064086914062,0.06999969482421875,0.04999542236328125
2020-11-09-7,0.095001220703125,-0.3699951171875,-1.0800018310546875,-1.029998779296875
2020-11-10-1,-1.2699966430664062,-0.660003662109375,-0.6449966430664062,0.26000213623046875
2020-11-10-2,0.47499847412109375,0.14990234375,0.6349945068359375,-0.09000396728515625
2020-11-10-3,-0.13500213623046875,0.2100982666015625,-0.07999420166015625,0.625
2020-11-10-4,0.6500015258789062,-0.04999542236328125,0.6399993896484375,-0.42499542236328125
2020-11-10-5,-0.4550018310546875,0.5799942016601562,-0.220001220703125,0.9399948120117188
2020-11-10-6,0.970001220703125,0.1100006103515625,0.779998779296875,-0.1399993896484375
2020-11-10-7,-0.17499542236328125,-0.34999847412109375,-0.45999908447265625,-0.589996337890625
2020-11-11-1,-0.09000396728515625,0.5,0.1100006103515625,0.9300003051757812
2020-11-11-2,0.44000244140625,0.125,0.6500015258789062,-0.04050445556640625
2020-11-11-3,-0.0800018310546875,0.1450042724609375,0.18000030517578125,0.29050445556640625
2020-11-11-4,0.3300018310546875,0.6252975463867188,0.34999847412109375,0.6650009155273438
2020-11-11-5,0.6800003051757812,-0.060302734375,-1.05999755859375,-1.6450042724609375
2020-11-11-6,-1.660003662109375,-1.5349960327148438,-0.1300048828125,-0.18999481201171875
2020-11-11-7,-0.20999908447265625,-0.01000213623046875,-0.04999542236328125,0.339996337890625
2020-11-12-1,-0.3899993896484375,-0.48000335693359375,-0.9200057983398438,-0.9199981689453125
2020-11-12-2,-0.20999908447265625,0.18000030517578125,0.23000335693359375,0.43000030517578125
2020-11-12-3,0.464996337890625,-0.07999420166015625,0.29000091552734375,-0.29000091552734375
2020-11-12-4,-0.274993896484375,-0.3800048828125,-0.8100051879882812,-0.7600021362304688
2020-11-12-5,-0.7900009155273438,-0.720001220703125,-0.18999481201171875,-0.2649993896484375
2020-11-12-6,-0.24990081787109375,-0.15999603271484375,-0.40000152587890625,-0.14499664306640625
2020-11-12-7,-0.12509918212890625,0.1699981689453125,-0.09000396728515625,0.45999908447265625
2020-11-13-1,0.8149948120117188,0.7600021362304688,0.82000732421875,0.2299957275390625
2020-11-13-2,-0.1399993896484375,-0.20000457763671875,0.1699981689453125,0.048004150390625
2020-11-13-3,0.03000640869140625,-0.339996337890625,-0.25,-0.298004150390625
2020-11-13-4,-0.285003662109375,0.26000213623046875,-0.0200042724609375,0.5200042724609375
2020-11-13-5,0.4850006103515625,-0.0800018310546875,0.0500030517578125,-0.470001220703125
2020-11-13-6,-0.40000152587890625,-0.3600006103515625,-0.410003662109375,-0.279998779296875
2020-11-13-7,-0.29999542236328125,0.26999664306640625,0.19000244140625,0.470001220703125
2020-11-16-1,-0.14000701904296875,-0.20999908447265625,-1.3850021362304688,-1.7600021362304688
2020-11-16-2,-1.1599960327148438,-1.1299972534179688,0.0500030517578125,0.27500152587890625
2020-11-16-3,0.29000091552734375,-0.01999664306640625,0.12000274658203125,0.06499481201171875
2020-11-16-4,0.04999542236328125,0.3899993896484375,0.25499725341796875,0.18000030517578125
2020-11-16-5,0.18000030517578125,-0.160003662109375,-0.23999786376953125,-0.339996337890625
2020-11-16-6,-0.32999420166015625,0.1100006103515625,0.1100006103515625,0.44000244140625
2020-11-16-7,0.43999481201171875,0.26000213623046875,0.43000030517578125,0.46999359130859375
2020-11-17-1,0.160003662109375,-0.0800018310546875,-0.8900070190429688,-0.9699935913085938
2020-11-17-2,-0.6450042724609375,-0.5999984741210938,0.09000396728515625,0.2899932861328125
2020-11-17-3,0.2550048828125,-0.06999969482421875,-0.3300018310546875,-0.6099929809570312
2020-11-17-4,-0.5999984741210938,-0.48000335693359375,0.0050048828125,-0.2700042724609375
2020-11-17-5,-0.28000640869140625,-0.1699981689453125,-0.100006103515625,-0.12000274658203125
2020-11-17-6,-0.1100006103515625,-0.1699981689453125,-0.39499664306640625,-0.3849945068359375
2020-11-17-7,-0.3899993896484375,-0.5,-0.6200027465820312,-0.3950042724609375
2020-11-18-1,0.1399993896484375,0.089996337890625,-0.220001220703125,0.029998779296875
2020-11-18-2,-0.5,-0.4199981689453125,0.0,-0.404998779296875
2020-11-18-3,-0.404998779296875,-0.3899993896484375,-0.5,-0.5749969482421875
2020-11-18-4,-0.5649948120117188,-0.48000335693359375,-0.089996337890625,0.15999603271484375
2020-11-18-5,0.1399993896484375,-0.029998779296875,-1.0800018310546875,-1.2899932861328125
2020-11-18-6,-1.2600021362304688,-1.1100006103515625,-0.20999908447265625,-0.125
2020-11-18-7,-0.160003662109375,-0.30999755859375,-0.339996337890625,-0.3950042724609375
2020-11-19-1,-1.1899948120117188,-0.8499984741210938,-2.0500030517578125,-1.8899993896484375
2020-11-19-2,-1.0750045776367188,-0.8700027465820312,-0.01999664306640625,0.30999755859375
2020-11-19-3,0.30500030517578125,0.279998779296875,0.26999664306640625,0.5100021362304688
2020-11-19-4,0.5100021362304688,-0.01999664306640625,0.23000335693359375,-0.4550018310546875
2020-11-19-5,-0.4499969482421875,-0.34000396728515625,-0.23000335693359375,0.029998779296875
2020-11-19-6,0.0099945068359375,0.0200042724609375,-0.09999847412109375,-0.26999664306640625
2020-11-19-7,-0.25,-0.112701416015625,0.18499755859375,0.0449981689453125
2020-11-20-1,-0.589996337890625,0.1427001953125,-1.4300003051757812,-1.1899948120117188
2020-11-20-2,-0.5449981689453125,-0.6739044189453125,-0.095001220703125,0.6649932861328125
2020-11-20-3,0.6650009155273438,0.5839004516601562,0.9500045776367188,0.01500701904296875
2020-11-20-4,0.0099945068359375,-0.5099945068359375,0.1100006103515625,0.26999664306640625
2020-11-20-5,0.2700042724609375,0.18000030517578125,-0.12000274658203125,0.06999969482421875
2020-11-20-6,0.05999755859375,0.06999969482421875,0.23000335693359375,0.1100006103515625
2020-11-20-7,0.10500335693359375,0.11499786376953125,0.29999542236328125,0.12999725341796875
2020-11-23-1,0.44499969482421875,0.9899978637695312,0.12000274658203125,0.7150039672851562
2020-11-23-2,0.399993896484375,-0.095001220703125,0.720001220703125,0.05500030517578125
2020-11-23-3,0.06500244140625,-0.149993896484375,-0.20999908447265625,-0.0800018310546875
2020-11-23-4,-0.06500244140625,0.0,0.17999267578125,-0.0500030517578125
2020-11-23-5,-0.06999969482421875,0.1699981689453125,-0.05999755859375,0.1450042724609375
2020-11-23-6,0.1450042724609375,0.3600006103515625,0.20000457763671875,0.43499755859375
2020-11-23-7,0.42499542236328125,-0.029998779296875,0.12999725341796875,-0.30999755859375
2020-11-24-1,0.40000152587890625,0.5699996948242188,-0.029998779296875,0.8199996948242188
2020-11-24-2,0.0800018310546875,0.3899993896484375,0.5499954223632812,0.26999664306640625
2020-11-24-3,0.3000030517578125,0.07999420166015625,0.48000335693359375,0.09000396728515625
2020-11-24-4,0.07999420166015625,0.01000213623046875,0.1100006103515625,-0.05500030517578125
2020-11-24-5,-0.01999664306640625,0.0500030517578125,-0.0200042724609375,-0.035003662109375
2020-11-24-6,-0.09000396728515625,0.04999542236328125,-0.06999969482421875,0.37000274658203125
2020-11-24-7,0.42000579833984375,0.0149993896484375,0.3300018310546875,-0.09000396728515625
2020-11-25-1,0.23999786376953125,0.49500274658203125,0.0800018310546875,0.1300048828125
2020-11-25-2,-0.220001220703125,-0.48999786376953125,-0.5099029541015625,-0.31000518798828125
2020-11-25-3,-0.31999969482421875,0.029998779296875,0.2599029541015625,0.03000640869140625
2020-11-25-4,0.0500030517578125,-0.12999725341796875,0.06999969482421875,0.21999359130859375
2020-11-25-5,0.25,0.6650009155273438,0.18000030517578125,0.5600051879882812
2020-11-25-6,0.5400009155273438,-0.02500152587890625,0.12000274658203125,-0.29000091552734375
2020-11-25-7,-0.32000732421875,-0.029998779296875,0.17999267578125,0.279998779296875
2020-11-27-1,0.18000030517578125,-0.06999969482421875,-0.6199951171875,-0.7900009155273438
2020-11-27-2,-0.7199935913085938,-0.5400009155273438,-0.26000213623046875,-0.3699951171875
2020-11-27-3,-0.2400054931640625,-0.23000335693359375,-0.07599639892578125,0.3849945068359375
2020-11-27-4,0.3000030517578125,0.37999725341796875,0.45599365234375,0.30500030517578125
2020-11-30-5,0.029998779296875,0.23000335693359375,-0.09999847412109375,0.013702392578125
2020-11-30-6,0.2700042724609375,-0.20999908447265625,-0.4799957275390625,-0.7036972045898438
2020-11-30-7,-0.7400054931640625,-0.44000244140625,0.0,0.26999664306640625
2020-11-30-1,0.31500244140625,0.160003662109375,0.3899993896484375,-0.01000213623046875
2020-11-30-2,0.00499725341796875,-0.23400115966796875,-0.20000457763671875,0.0
2020-11-30-3,0.0,0.1439971923828125,0.0200042724609375,-0.0099945068359375
2020-11-30-4,-0.01999664306640625,0.3300018310546875,0.15000152587890625,0.399993896484375
2020-12-01-5,0.7600021362304688,0.8000030517578125,0.7000961303710938,0.725006103515625
2020-12-01-6,0.3699951171875,0.4799957275390625,0.43990325927734375,0.1649932861328125
2020-12-01-7,0.1699981689453125,-0.220001220703125,-0.1300048828125,-0.32999420166015625
2020-12-01-1,-0.33849334716796875,-0.5099945068359375,-0.43499755859375,-0.1300048828125
2020-12-01-2,-0.11150360107421875,-0.15000152587890625,-0.33499908447265625,-0.3899993896484375
2020-12-01-3,-0.3899993896484375,0.04999542236328125,0.30500030517578125,0.4900054931640625
2020-12-01-4,0.470001220703125,0.19000244140625,0.2949981689453125,-0.20000457763671875
2020-12-02-5,-0.5400009155273438,-0.5400009155273438,-1.1299972534179688,-0.6699981689453125
2020-12-02-6,-0.27500152587890625,-0.26999664306640625,0.279998779296875,0.06999969482421875
2020-12-02-7,0.0149993896484375,-0.06999969482421875,-0.1999969482421875,-0.23000335693359375
2020-12-02-1,-0.23999786376953125,-0.23000335693359375,0.089996337890625,0.1100006103515625
2020-12-02-2,0.12999725341796875,0.69000244140625,0.23999786376953125,0.7000045776367188
2020-12-02-3,0.6750030517578125,0.19000244140625,0.5800018310546875,0.06999969482421875
2020-12-02-4,0.1049957275390625,0.5399932861328125,0.19000244140625,0.6100006103515625
2020-12-03-5,0.31999969482421875,-0.25909423828125,-0.8800048828125,-1.470001220703125
2020-12-03-6,-1.1767959594726562,-0.640899658203125,-0.15999603271484375,0.5
2020-12-03-7,0.460296630859375,-0.03000640869140625,0.05999755859375,-0.30500030517578125
2020-12-03-1,-0.29349517822265625,-0.283599853515625,0.15000152587890625,-0.00690460205078125
2020-12-03-2,0.0,-0.03639984130859375,0.0,-0.0980987548828125
2020-12-03-3,-0.1100006103515625,0.4600067138671875,0.029998779296875,0.6200027465820312
2020-12-03-4,0.6599960327148438,0.07999420166015625,0.06999969482421875,-0.34999847412109375
2020-12-04-5,-0.5400009155273438,-0.20999908447265625,-0.5199966430664062,-0.5999984741210938
2020-12-04-6,-0.42499542236328125,-0.5699996948242188,-0.1399993896484375,-0.19000244140625
2020-12-04-7,-0.19499969482421875,-0.26999664306640625,-0.34000396728515625,-0.34000396728515625
2020-12-04-1,-0.3300018310546875,-0.5410003662109375,-0.4799957275390625,-0.5099945068359375
2020-12-04-2,-0.5449981689453125,-0.4889984130859375,-0.410003662109375,-0.31000518798828125
2020-12-04-3,-0.285003662109375,-0.01000213623046875,0.13500213623046875,0.29500579833984375
2020-12-04-4,0.3000030517578125,0.3600006103515625,0.3300018310546875,0.28499603271484375
2020-12-07-5,-0.26000213623046875,0.279998779296875,-0.30500030517578125,0.2700042724609375
2020-12-07-6,0.803802490234375,0.23999786376953125,0.779998779296875,0.31999969482421875
2020-12-07-7,0.31620025634765625,0.09999847412109375,-0.01000213623046875,0.0
2020-12-07-1,-0.01000213623046875,-0.05999755859375,0.25,-0.0500030517578125
2020-12-07-2,-0.02500152587890625,-0.06999969482421875,-0.15999603271484375,-0.1699981689453125
2020-12-07-3,-0.17499542236328125,-0.160003662109375,0.01999664306640625,-0.01000213623046875
2020-12-07-4,-0.01000213623046875,0.0200042724609375,-0.18000030517578125,0.09999847412109375
2020-12-08-5,-0.0800018310546875,-0.09999847412109375,-0.80999755859375,-0.279998779296875
2020-12-08-6,-0.09999847412109375,0.029998779296875,0.48999786376953125,-0.01000213623046875
2020-12-08-7,0.0,0.1699981689453125,0.3600006103515625,0.34000396728515625
2020-12-08-1,0.31999969482421875,0.125,0.224395751953125,-0.01000213623046875
2020-12-08-2,-0.01000213623046875,-0.14499664306640625,-0.2444000244140625,-0.23999786376953125
2020-12-08-3,-0.2299957275390625,-0.220001220703125,-0.1399993896484375,-0.04000091552734375
2020-12-08-4,-0.0500030517578125,-0.12000274658203125,-0.01999664306640625,-0.1100006103515625
2020-12-09-5,-0.1100006103515625,0.0200042724609375,-0.5270004272460938,-0.470001220703125
2020-12-09-6,-0.4499969482421875,0.07999420166015625,0.207000732421875,0.6399993896484375
2020-12-09-7,0.6200027465820312,0.0,0.12999725341796875,-0.3600006103515625
2020-12-09-1,-0.37000274658203125,-0.07999420166015625,0.029998779296875,0.26000213623046875
2020-12-09-2,0.279998779296875,0.22499847412109375,0.04000091552734375,-0.31999969482421875
2020-12-09-3,-0.31999969482421875,-0.3950042724609375,-0.16500091552734375,0.160003662109375
2020-12-09-4,0.19000244140625,0.40000152587890625,0.32500457763671875,0.2599945068359375
2020-12-10-5,0.55999755859375,0.18000030517578125,-1.1500015258789062,-1.3199996948242188
2020-12-10-6,-1.6299972534179688,-1.1399993896484375,-0.04000091552734375,0.47499847412109375
2020-12-10-7,0.4499969482421875,0.12999725341796875,0.3950042724609375,-0.11499786376953125
2020-12-10-1,-0.1399993896484375,-0.2967987060546875,-0.095001220703125,-0.06999969482421875
2020-12-10-2,-0.0500030517578125,-0.06319427490234375,-0.25,-0.3300018310546875
2020-12-10-3,-0.3249969482421875,-0.04000091552734375,0.0,0.31000518798828125
2020-12-10-4,0.30500030517578125,0.09999847412109375,0.09999847412109375,-0.17000579833984375
2020-12-11-5,-0.55999755859375,-0.2700042724609375,-0.48000335693359375,-0.279998779296875
2020-12-11-6,0.1199951171875,-0.23999786376953125,0.10950469970703125,-0.09999847412109375
2020-12-11-7,-0.089996337890625,-0.0149993896484375,-0.07790374755859375,0.0500030517578125
2020-12-11-1,0.0449981689453125,0.054901123046875,0.1083984375,-0.01000213623046875
2020-12-11-2,-0.00499725341796875,0.16010284423828125,0.04000091552734375,0.2649993896484375
2020-12-11-3,0.25,0.279998779296875,0.31000518798828125,0.30500030517578125
2020-12-11-4,0.29999542236328125,0.18999481201171875,0.26999664306640625,0.0800018310546875
2020-12-14-5,1.1314010620117188,1.5,0.6699981689453125,1.5999984741210938
2020-12-14-6,0.5785980224609375,0.09000396728515625,-0.149993896484375,-1.1399993896484375
2020-12-14-7,-1.1663970947265625,-1.19000244140625,-0.3800048828125,-0.34999847412109375
2020-12-14-1,-0.343597412109375,-0.3600006103515625,-0.089996337890625,-0.17000579833984375
2020-12-14-2,-0.18000030517578125,-0.0099945068359375,-0.19000244140625,-0.17499542236328125
2020-12-14-3,-0.16500091552734375,-0.1100006103515625,-0.1399993896484375,-0.1450042724609375
2020-12-14-4,-0.13500213623046875,-0.34000396728515625,-0.220001220703125,-0.1699981689453125
2020-12-15-5,0.30999755859375,0.8799972534179688,0.0149993896484375,1.0200042724609375
2020-12-15-6,0.5400009155273438,0.31000518798828125,1.0550003051757812,0.1699981689453125
2020-12-15-7,0.160003662109375,0.22769927978515625,0.12000274658203125,0.464996337890625
2020-12-15-1,0.45999908447265625,0.47229766845703125,0.5199966430664062,0.404998779296875
2020-12-15-2,0.4499969482421875,0.0200042724609375,0.1100006103515625,-0.0399932861328125
2020-12-15-3,-0.05999755859375,0.05999755859375,0.02500152587890625,-0.24500274658203125
2020-12-15-4,-0.26999664306640625,-0.1399993896484375,-0.0749969482421875,0.30500030517578125
2020-12-16-5,0.23999786376953125,0.5400009155273438,0.12999725341796875,-0.10500335693359375
2020-12-16-6,-0.05999755859375,-0.45000457763671875,-0.18499755859375,-0.31499481201171875
2020-12-16-7,-0.26000213623046875,-0.4799957275390625,-0.6750030517578125,-0.6300048828125
2020-12-16-1,-0.6399993896484375,-0.5400009155273438,-0.06500244140625,-0.09999847412109375
2020-12-16-2,-0.1100006103515625,-0.1999969482421875,-0.5149993896484375,-0.19000244140625
2020-12-16-3,-0.209197998046875,0.339996337890625,0.31439971923828125,0.2050018310546875
2020-12-16-4,0.21920013427734375,-0.23999786376953125,-0.1343994140625,-0.30500030517578125
2020-12-17-5,0.10999298095703125,1.0,0.44000244140625,1.3590011596679688
2020-12-17-6,0.9300003051757812,0.47499847412109375,0.9799957275390625,0.09100341796875
2020-12-17-7,0.1100006103515625,-0.11499786376953125,0.0500030517578125,0.1999969482421875
2020-12-17-1,0.19499969482421875,-0.0200042724609375,0.01000213623046875,-0.01000213623046875
2020-12-17-2,-0.01999664306640625,-0.0200958251953125,-0.01000213623046875,0.0200042724609375
2020-12-17-3,0.02159881591796875,-0.01990509033203125,-0.15000152587890625,-0.26000213623046875
2020-12-17-4,-0.2666015625,-0.31999969482421875,-0.339996337890625,-0.3899993896484375
2020-12-18-5,-0.5908966064453125,0.3600006103515625,-0.12000274658203125,0.0800018310546875
2020-12-18-6,0.27089691162109375,-0.43999481201171875,0.05999755859375,-0.06999969482421875
2020-12-18-7,-0.05999755859375,0.1699981689453125,-0.0970001220703125,0.43000030517578125
2020-12-18-1,0.4499969482421875,0.09999847412109375,0.4320068359375,-0.01000213623046875
2020-12-18-2,-0.01999664306640625,-0.1399993896484375,-0.41500091552734375,-0.6699981689453125
2020-12-18-3,-0.660003662109375,-0.6299972534179688,-0.2700042724609375,-0.2400054931640625
2020-12-18-4,-0.25,-0.06000518798828125,-0.7299957275390625,-0.04000091552734375
2020-12-21-5,-0.6699981689453125,-0.5749969482421875,-1.3100051879882812,-1.7399978637695312
2020-12-21-6,-1.1599960327148438,-1.1750030517578125,-0.4499969482421875,-0.5849990844726562
2020-12-21-7,-0.5200042724609375,-0.05999755859375,0.0500030517578125,0.6949996948242188
2020-12-21-1,0.68499755859375,0.09999847412109375,0.40999603271484375,-0.23999786376953125
2020-12-21-2,-0.23499298095703125,-0.01000213623046875,0.15000152587890625,0.3300018310546875
2020-12-21-3,0.32999420166015625,0.09000396728515625,0.01000213623046875,0.04999542236328125
2020-12-21-4,0.029998779296875,0.220001220703125,0.12999725341796875,0.29000091552734375
2020-12-22-5,0.100006103515625,-0.1399993896484375,-0.1699981689453125,-0.4499969482421875
2020-12-22-6,-0.26000213623046875,-0.20000457763671875,0.12999725341796875,-0.06000518798828125
2020-12-22-7,-0.05500030517578125,-0.06999969482421875,-0.20999908447265625,-0.18419647216796875
2020-12-22-1,-0.18499755859375,-0.3300018310546875,-0.43000030517578125,-0.45580291748046875
2020-12-22-2,-0.44499969482421875,-0.305999755859375,-0.029998779296875,0.09999847412109375
2020-12-22-3,0.09499359130859375,0.12599945068359375,0.18499755859375,0.12000274658203125
2020-12-22-4,0.12000274658203125,0.20000457763671875,0.11499786376953125,0.220001220703125
2020-12-23-5,0.6800003051757812,0.7999954223632812,0.4600067138671875,0.6200027465820312
2020-12-23-6,0.160003662109375,-0.20999908447265625,-0.160003662109375,-0.5192031860351562
2020-12-23-7,-0.5200042724609375,-0.39499664306640625,-0.12000274658203125,-0.040802001953125
2020-12-23-1,-0.04999542236328125,-0.18499755859375,-0.09999847412109375,-0.15000152587890625
2020-12-23-2,-0.14000701904296875,-0.100006103515625,-0.39009857177734375,-0.34999847412109375
2020-12-23-3,-0.339996337890625,-0.2599945068359375,-0.13990020751953125,-0.1399993896484375
2020-12-23-4,-0.16500091552734375,-0.1300048828125,-0.0500030517578125,-0.1399993896484375
2020-12-24-5,0.00499725341796875,0.12000274658203125,-0.2899932861328125,0.23000335693359375
2020-12-24-6,0.100006103515625,0.01000213623046875,0.15999603271484375,0.1100006103515625
2020-12-24-7,0.089996337890625,0.05999755859375,0.3300018310546875,0.12999725341796875
2020-12-24-1,0.160003662109375,0.40000152587890625,0.26000213623046875,0.23999786376953125
2020-12-28-2,0.5499954223632812,0.279998779296875,-0.2100067138671875,0.20000457763671875
2020-12-28-3,-0.09999847412109375,0.04000091552734375,0.12000274658203125,-0.5160064697265625
2020-12-28-4,-0.5500030517578125,-0.5999984741210938,-0.1100006103515625,-0.0789947509765625
2020-12-28-5,-0.04999542236328125,0.01999664306640625,0.02500152587890625,-0.0050048828125
2020-12-28-6,-0.018798828125,-0.1399993896484375,-0.095001220703125,-0.01999664306640625
2020-12-28-7,-0.02120208740234375,-0.09999847412109375,-0.220001220703125,-0.20999908447265625
2020-12-28-1,-0.2050018310546875,0.220001220703125,0.09999847412109375,0.4799957275390625
2020-12-29-2,0.654998779296875,0.8799972534179688,0.5900039672851562,0.48000335693359375
2020-12-29-3,0.31999969482421875,-0.410003662109375,0.01000213623046875,-0.12000274658203125
2020-12-29-4,-0.10999298095703125,0.12000274658203125,0.279998779296875,0.06999969482421875
2020-12-29-5,0.03499603271484375,-0.19499969482421875,-0.3600006103515625,-0.11589813232421875
2020-12-29-6,-0.125,-0.125,-0.23000335693359375,-0.4990997314453125
2020-12-29-7,-0.5,-0.141998291015625,-0.029998779296875,0.32500457763671875
2020-12-29-1,0.357696533203125,0.0319976806640625,0.09999847412109375,-0.19000244140625
2020-12-30-2,-0.37769317626953125,0.2375030517578125,-0.09999847412109375,0.1100006103515625
2020-12-30-3,0.25,-0.13190460205078125,0.25,0.1399993896484375
2020-12-30-4,0.1735992431640625,0.03440093994140625,-0.04000091552734375,0.0800018310546875
2020-12-30-5,0.06639862060546875,-0.029998779296875,0.0200042724609375,-0.28000640869140625
2020-12-30-6,-0.26000213623046875,-0.2266998291015625,-0.06500244140625,0.0500030517578125
2020-12-30-7,0.0500030517578125,0.17669677734375,0.08499908447265625,0.04000091552734375
2020-12-30-1,0.029998779296875,0.18000030517578125,0.05999755859375,0.1100006103515625
2020-12-31-2,0.1699981689453125,0.75,0.09000396728515625,0.6100006103515625
2020-12-31-3,0.48540496826171875,-0.30089569091796875,0.41139984130859375,0.0099945068359375
2020-12-31-4,0.0845947265625,0.02089691162109375,0.0485992431640625,-0.089996337890625
2020-12-31-5,-0.09999847412109375,0.09000396728515625,0.095001220703125,0.08010101318359375
2020-12-31-6,0.09999847412109375,0.27989959716796875,0.11499786376953125,0.41989898681640625
2020-12-31-7,0.410003662109375,0.41009521484375,0.34999847412109375,0.3209991455078125
2020-12-31-1,0.30999755859375,0.410003662109375,0.28000640869140625,0.3990020751953125
2021-01-04-2,0.5100021362304688,0.0800018310546875,-0.17000579833984375,-0.5699996948242188
2021-01-04-3,-0.69000244140625,-0.720001220703125,-0.649993896484375,-0.7000045776367188
2021-01-04-4,-0.7299957275390625,-0.5999984741210938,-0.25,-0.0955963134765625
2021-01-04-5,-0.0500030517578125,-0.17000579833984375,-0.18000030517578125,-0.06439971923828125
2021-01-04-6,-0.0800018310546875,-0.07999420166015625,-0.100006103515625,-0.24010467529296875
2021-01-04-7,-0.26000213623046875,-0.29000091552734375,-0.17499542236328125,-0.06989288330078125
2021-01-04-1,-0.029998779296875,0.5199966430664062,0.154998779296875,0.05999755859375
2021-01-05-2,0.31000518798828125,-0.05500030517578125,-0.04000091552734375,0.20999908447265625
2021-01-05-3,-0.06999969482421875,-0.2649993896484375,-0.345001220703125,-0.5
2021-01-05-4,-0.4900054931640625,-0.3899993896484375,0.0149993896484375,-0.01000213623046875
2021-01-05-5,0.0200042724609375,0.15000152587890625,0.2400054931640625,0.125
2021-01-05-6,0.1199951171875,0.05999755859375,-0.100006103515625,0.18500518798828125
2021-01-05-7,0.17000579833984375,0.029998779296875,0.1399993896484375,-0.2100067138671875
2021-01-05-1,-0.220001220703125,-0.089996337890625,0.01000213623046875,0.09000396728515625
2021-01-06-2,-0.20999908447265625,0.7099990844726562,-0.6599960327148438,-0.05999755859375
2021-01-06-3,0.2599945068359375,0.01999664306640625,0.4499969482421875,0.839996337890625
2021-01-06-4,0.8250045776367188,0.06999969482421875,0.8700027465820312,-0.01000213623046875
2021-01-06-5,0.02500152587890625,0.40000152587890625,0.279998779296875,0.2649993896484375
2021-01-06-6,0.25,-0.18999481201171875,-0.12000274658203125,-0.08499908447265625
2021-01-06-7,-0.12000274658203125,0.07999420166015625,-0.220001220703125,-0.32999420166015625
2021-01-06-1,-0.31999969482421875,-0.4199981689453125,-0.1199951171875,0.029998779296875
2021-01-07-2,0.40999603271484375,0.23999786376953125,-0.94000244140625,-0.7400054931640625
2021-01-07-3,-1.0999984741210938,-0.9300003051757812,0.05999755859375,-0.4149932861328125
2021-01-07-4,-0.38189697265625,-0.399993896484375,-0.14499664306640625,-0.16500091552734375
2021-01-07-5,-0.213104248046875,-0.28000640869140625,-0.49500274658203125,-0.4850006103515625
2021-01-07-6,-0.46999359130859375,-0.3249969482421875,0.01000213623046875,-0.0167999267578125
2021-01-07-7,-0.035003662109375,0.035003662109375,-0.26999664306640625,-0.27230072021484375
2021-01-07-1,-0.22499847412109375,-0.5,-0.1100006103515625,-0.10089874267578125
2021-01-08-2,-0.35500335693359375,-0.03000640869140625,-0.41910552978515625,-0.0050048828125
2021-01-08-3,0.23000335693359375,-0.1199951171875,-0.07089996337890625,-0.45999908447265625
2021-01-08-4,-0.48999786376953125,-0.48000335693359375,-0.40999603271484375,-0.23999786376953125
2021-01-08-5,-0.22930145263671875,-0.23929595947265625,-0.160003662109375,-0.154998779296875
2021-01-08-6,-0.1407012939453125,0.07129669189453125,-0.1999969482421875,0.20999908447265625
2021-01-08-7,0.19499969482421875,0.11800384521484375,0.5100021362304688,0.05500030517578125
2021-01-08-1,0.05500030517578125,0.1100006103515625,-0.07500457763671875,-0.1399993896484375
2021-01-11-2,-0.18000030517578125,-0.2700042724609375,-1.0349960327148438,-1.0200042724609375
2021-01-11-3,-1.0100021362304688,-0.5800018310546875,-0.18000030517578125,0.31999969482421875
2021-01-11-4,0.34000396728515625,0.0500030517578125,0.46199798583984375,-0.12999725341796875
2021-01-11-5,-0.12000274658203125,-0.1100006103515625,-0.18199920654296875,0.11499786376953125
2021-01-11-6,0.12000274658203125,-0.12999725341796875,-0.1399993896484375,-0.1100006103515625
2021-01-11-7,-0.1300048828125,0.29999542236328125,0.23999786376953125,0.3300018310546875
2021-01-11-1,0.350006103515625,0.1300048828125,0.38500213623046875,0.125
2021-01-12-2,-0.8100051879882812,-0.5100021362304688,-1.4950027465820312,-0.7999954223632812
2021-01-12-3,0.09999847412109375,-0.220001220703125,0.4199981689453125,-0.410003662109375
2021-01-12-4,-0.37999725341796875,-0.5049972534179688,-0.5999984741210938,-0.589996337890625
2021-01-12-5,-0.6100006103515625,0.02500152587890625,-0.09999847412109375,0.6800003051757812
2021-01-12-6,0.69000244140625,0.5099945068359375,0.8050003051757812,0.31999969482421875
2021-01-12-7,0.31999969482421875,-0.1199951171875,-0.035003662109375,-0.29000091552734375
2021-01-12-1,-0.27500152587890625,-0.04000091552734375,-0.029998779296875,0.149993896484375
2021-01-13-2,0.36499786376953125,0.05419921875,-0.1699981689453125,-0.279998779296875
2021-01-13-3,-0.48999786376953125,0.10579681396484375,0.09999847412109375,0.2400054931640625
2021-01-13-4,0.2050018310546875,-0.2599945068359375,0.1399993896484375,-0.0200042724609375
2021-01-13-5,0.00499725341796875,0.30999755859375,0.1399993896484375,0.0500030517578125
2021-01-13-6,0.0500030517578125,0.0198974609375,-0.09999847412109375,0.1999969482421875
2021-01-13-7,0.1999969482421875,-0.02989959716796875,0.2550048828125,0.06500244140625
2021-01-13-1,0.06999969482421875,0.279998779296875,0.14499664306640625,0.0449981689453125
2021-01-14-2,-0.04000091552734375,-0.04109954833984375,-0.9099960327148438,-0.20999908447265625
2021-01-14-3,-0.15999603271484375,-0.22389984130859375,0.529998779296875,-0.0500030517578125
2021-01-14-4,-0.0200042724609375,0.3950042724609375,0.05999755859375,0.5
2021-01-14-5,0.4900054931640625,-0.06999969482421875,0.5,0.06000518798828125
2021-01-14-6,0.06999969482421875,0.23999786376953125,0.089996337890625,0.18499755859375
2021-01-14-7,0.18999481201171875,0.20999908447265625,0.23000335693359375,0.15000152587890625
2021-01-14-1,0.1450042724609375,0.035003662109375,0.029998779296875,0.05500030517578125
2021-01-15-2,-1.81500244140625,0.03499603271484375,-1.6399993896484375,-0.029998779296875
2021-01-15-3,1.8400039672851562,0.5199966430664062,1.7900009155273438,0.6100006103515625
2021-01-15-4,0.6199951171875,0.37000274658203125,0.43000030517578125,0.5499954223632812
2021-01-15-5,0.5479049682617188,0.19000244140625,0.375,0.0800018310546875
2021-01-15-6,0.052093505859375,-0.0500030517578125,0.03639984130859375,-0.26070404052734375
2021-01-15-7,-0.23499298095703125,0.5900039672851562,0.158599853515625,0.8707046508789062
2021-01-15-1,0.8649978637695312,-0.04000091552734375,0.5961990356445312,-0.1699981689453125
2021-01-19-2,0.29999542236328125,0.29999542236328125,-0.9662017822265625,0.23999786376953125
2021-01-19-3,-0.2798004150390625,-0.06999969482421875,0.910003662109375,-0.029998779296875
2021-01-19-4,0.03980255126953125,0.1300048828125,0.2299957275390625,0.149993896484375
2021-01-19-5,0.12999725341796875,0.15999603271484375,0.2050018310546875,-0.05999755859375
2021-01-19-6,-0.03499603271484375,-0.15999603271484375,0.0135040283203125,0.23000335693359375
2021-01-19-7,0.22499847412109375,0.0717010498046875,0.0214996337890625,-0.220001220703125
2021-01-19-1,-0.23999786376953125,-0.23850250244140625,-0.0800018310546875,-0.09000396728515625
2021-01-20-2,-0.4199981689453125,-0.47319793701171875,-1.1100006103515625,-0.779998779296875
2021-01-20-3,-0.44000244140625,0.01999664306640625,0.3000030517578125,-0.01149749755859375
2021-01-20-4,-0.01999664306640625,0.09000396728515625,-0.023101806640625,0.47149658203125
2021-01-20-5,0.46999359130859375,-0.100006103515625,0.10309600830078125,-0.2599945068359375
2021-01-20-6,-0.2599945068359375,0.100006103515625,0.15500640869140625,0.2299957275390625
2021-01-20-7,0.21999359130859375,0.2899932861328125,0.20499420166015625,0.31500244140625
2021-01-20-1,0.32500457763671875,0.28000640869140625,0.31000518798828125,0.095001220703125
2021-01-21-2,0.33499908447265625,0.30999755859375,-0.31999969482421875,0.18000030517578125
2021-01-21-3,-0.033599853515625,0.01999664306640625,0.589996337890625,0.149993896484375
2021-01-21-4,0.10359954833984375,0.23000335693359375,0.05500030517578125,0.410003662109375
2021-01-21-5,0.43000030517578125,-0.05999755859375,0.154998779296875,-0.30999755859375
2021-01-21-6,-0.3000030517578125,-0.1399993896484375,-0.029998779296875,0.20999908447265625
2021-01-21-7,0.2100067138671875,0.06099700927734375,0.05999755859375,-0.0500030517578125
2021-01-21-1,-0.0500030517578125,-0.11100006103515625,-0.18999481201171875,-0.3699951171875
2021-01-22-2,-0.5500030517578125,0.8199996948242188,-0.17000579833984375,1.1800003051757812
2021-01-22-3,1.3700027465820312,0.279998779296875,1.0,-0.37000274658203125
2021-01-22-4,-0.36499786376953125,-0.09999847412109375,-0.0149993896484375,0.3899993896484375
2021-01-22-5,0.37189483642578125,0.029998779296875,0.1750030517578125,0.19499969482421875
2021-01-22-6,0.18310546875,0.0500030517578125,0.16500091552734375,-0.10500335693359375
2021-01-22-7,-0.10500335693359375,-0.0500030517578125,0.05500030517578125,0.07680511474609375
2021-01-22-1,0.08499908447265625,-0.01000213623046875,-0.06999969482421875,-0.2667999267578125
2021-01-25-2,-0.7699966430664062,0.5283050537109375,-0.7300033569335938,0.7299957275390625
2021-01-25-3,1.1999969482421875,0.1916961669921875,0.5999984741210938,-0.7699966430664062
2021-01-25-4,-0.720001220703125,-0.7649993896484375,-0.31999969482421875,0.29000091552734375
2021-01-25-5,0.26000213623046875,0.5049972534179688,0.6500015258789062,0.3699951171875
2021-01-25-6,0.37000274658203125,0.01000213623046875,0.12000274658203125,-0.1399993896484375
2021-01-25-7,-0.12000274658203125,-0.01490020751953125,-0.0800018310546875,0.09000396728515625
2021-01-25-1,0.09000396728515625,-0.0850982666015625,0.15000152587890625,-0.06000518798828125
2021-01-26-2,-0.5050048828125,-0.470001220703125,-1.5100021362304688,-1.5099945068359375
2021-01-26-3,-1.0749969482421875,-0.9300003051757812,-0.19000244140625,0.12999725341796875
2021-01-26-4,0.12999725341796875,-0.1100006103515625,0.06999969482421875,-0.14990234375
2021-01-26-5,-0.1699981689453125,-0.01409912109375,0.160003662109375,0.0399017333984375
2021-01-26-6,0.0800018310546875,0.6140975952148438,0.1100006103515625,0.5500030517578125
2021-01-26-7,0.529998779296875,0.3600006103515625,0.31999969482421875,0.40999603271484375
2021-01-26-1,0.43000030517578125,-0.01999664306640625,0.30999755859375,-0.23999786376953125
2021-01-27-2,-0.8800048828125,0.48999786376953125,-0.6399993896484375,-0.28499603271484375
2021-01-27-3,0.3300018310546875,-0.6999969482421875,0.18000030517578125,0.17499542236328125
2021-01-27-4,0.18499755859375,-0.19000244140625,-0.26000213623046875,-0.29650115966796875
2021-01-27-5,-0.30499267578125,-0.339996337890625,-0.0099945068359375,-0.08349609375
2021-01-27-6,-0.07000732421875,0.05999755859375,-0.20000457763671875,-0.47499847412109375
2021-01-27-7,-0.45999908447265625,-0.5800018310546875,-0.4799957275390625,-0.31000518798828125
2021-01-27-1,-0.3600006103515625,-0.214599609375,-0.2400054931640625,-0.09400177001953125
2021-01-28-2,0.43000030517578125,1.5645980834960938,0.42000579833984375,1.3090057373046875
2021-01-28-3,0.8300018310546875,-0.15999603271484375,1.0499954223632812,0.23999786376953125
2021-01-28-4,0.220001220703125,0.1399993896484375,0.09000396728515625,-0.089996337890625
2021-01-28-5,-0.0800018310546875,-0.19499969482421875,-0.1300048828125,0.01999664306640625
2021-01-28-6,0.0800018310546875,0.02500152587890625,-0.1999969482421875,-0.5199966430664062
2021-01-28-7,-0.5774002075195312,-0.5,-0.429901123046875,-0.44000244140625
2021-01-28-1,-0.4626007080078125,-0.5500030517578125,-0.35009765625,-0.410003662109375
2021-01-29-2,-0.7665023803710938,0.3600006103515625,-0.7300033569335938,0.779998779296875
2021-01-29-3,1.1515045166015625,0.23000335693359375,1.0750045776367188,-0.23999786376953125
2021-01-29-4,-0.2649993896484375,-0.38010406494140625,-0.375,-0.4199981689453125
2021-01-29-5,-0.4199981689453125,-0.21990203857421875,-0.029998779296875,-0.00499725341796875
2021-01-29-6,0.0099945068359375,-0.18999481201171875,-0.160003662109375,0.14499664306640625
2021-01-29-7,0.1399993896484375,0.5199966430664062,0.345001220703125,0.095001220703125
2021-01-29-1,0.12000274658203125,0.05500030517578125,-0.16500091552734375,-0.00499725341796875
2021-02-01-2,0.1699981689453125,-0.30500030517578125,-0.45999908447265625,-0.40000152587890625
2021-02-01-3,-0.5699996948242188,0.5100021362304688,0.4850006103515625,0.9499969482421875
2021-02-01-4,0.9150009155273438,0.1399993896484375,0.845001220703125,0.0149993896484375
2021-02-01-5,0.0449981689453125,-0.214996337890625,-0.106201171875,-0.0749969482421875
2021-02-01-6,-0.04999542236328125,0.06499481201171875,-0.08380126953125,0.16500091552734375
2021-02-01-7,0.1100006103515625,0.1399993896484375,0.0,-0.375
2021-02-01-1,-0.3600006103515625,-0.30999755859375,-0.09000396728515625,-0.01000213623046875
2021-02-02-2,-0.31999969482421875,1.2600021362304688,-0.26999664306640625,1.279998779296875
2021-02-02-3,1.6199951171875,0.25,1.3590011596679688,0.26000213623046875
2021-02-02-4,0.2350006103515625,0.089996337890625,0.45099639892578125,0.01000213623046875
2021-02-02-5,0.0050048828125,-0.01000213623046875,0.0800018310546875,0.01999664306640625
2021-02-02-6,0.029998779296875,-0.1049957275390625,-0.15000152587890625,-0.089996337890625
2021-02-02-7,-0.1100006103515625,-0.005401611328125,-0.31499481201171875,-0.2050018310546875
2021-02-02-1,-0.19499969482421875,-0.40959930419921875,-0.16180419921875,-0.33499908447265625
2021-02-03-2,-0.35500335693359375,-9.918212890625e-05,-0.623199462890625,0.06999969482421875
2021-02-03-3,0.095001220703125,-0.2299041748046875,0.0200042724609375,-0.529998779296875
2021-02-03-4,-0.5199966430664062,-0.3899993896484375,-0.12000274658203125,-0.225006103515625
2021-02-03-5,-0.2050018310546875,-0.089996337890625,-0.12000274658203125,0.3054046630859375
2021-02-03-6,0.26999664306640625,-0.04000091552734375,0.12000274658203125,-0.2704010009765625
2021-02-03-7,-0.2700958251953125,-0.220001220703125,-0.160003662109375,-0.09000396728515625
2021-02-03-1,-0.08990478515625,0.0500030517578125,0.0200042724609375,-0.09999847412109375
2021-02-04-2,-0.04000091552734375,0.43000030517578125,-0.12000274658203125,0.2700042724609375
2021-02-04-3,0.28000640869140625,0.25,0.48000335693359375,0.5
2021-02-04-4,0.46999359130859375,-0.11009979248046875,0.34999847412109375,-0.0500030517578125
2021-02-04-5,-0.089996337890625,0.11009979248046875,-0.04689788818359375,0.049896240234375
2021-02-04-6,0.0431976318359375,-0.0800018310546875,-0.1331024169921875,-0.22989654541015625
2021-02-04-7,-0.21319580078125,-0.1999969482421875,0.0800018310546875,0.09999847412109375
2021-02-04-1,0.089996337890625,0.279998779296875,-0.04850006103515625,0.31000518798828125
2021-02-05-2,0.5699996948242188,0.3899993896484375,0.3385009765625,0.089996337890625
2021-02-05-3,-0.15999603271484375,0.1699981689453125,0.20999908447265625,0.2397003173828125
2021-02-05-4,0.2050018310546875,-0.279998779296875,-0.19000244140625,-0.35970306396484375
2021-02-05-5,-0.35500335693359375,0.0,0.00499725341796875,0.220001220703125
2021-02-05-6,0.23999786376953125,0.05999755859375,0.18500518798828125,0.0200042724609375
2021-02-05-7,0.055999755859375,-0.1100006103515625,-0.2299041748046875,-0.3209991455078125
2021-02-05-1,-0.365997314453125,-0.23999786376953125,-0.09009552001953125,0.03099822998046875
2021-02-08-2,0.26000213623046875,0.1399993896484375,-0.7900009155273438,-0.5100021362304688
2021-02-08-3,-0.7400054931640625,-0.5100021362304688,0.18000030517578125,0.16919708251953125
2021-02-08-4,0.19000244140625,0.03000640869140625,-0.2050018310546875,-0.579193115234375
2021-02-08-5,-0.60009765625,-0.6800003051757812,-0.41500091552734375,-0.314605712890625
2021-02-08-6,-0.29990386962890625,-0.31000518798828125,-0.37999725341796875,-0.2953948974609375
2021-02-08-7,-0.279998779296875,0.160003662109375,0.220001220703125,0.34999847412109375
2021-02-08-1,0.33499908447265625,0.0,0.21999359130859375,0.01999664306640625
2021-02-09-2,-0.7350006103515625,-0.6150054931640625,-1.4099960327148438,-1.4599990844726562
2021-02-09-3,-0.7099990844726562,-0.766998291015625,-0.43000030517578125,-0.0260009765625
2021-02-09-4,-0.01000213623046875,0.35179901123046875,0.44000244140625,0.5457992553710938
2021-02-09-5,0.5200042724609375,-0.002593994140625,0.149993896484375,-0.40979766845703125
2021-02-09-6,-0.38500213623046875,-0.23720550537109375,0.0,0.12999725341796875
2021-02-09-7,0.125,0.125,0.18000030517578125,0.01500701904296875
2021-02-09-1,0.01000213623046875,-0.03499603271484375,-0.18499755859375,0.03499603271484375
2021-02-10-2,0.1999969482421875,0.5499954223632812,-0.14499664306640625,0.25
2021-02-10-3,0.06999969482421875,-0.12999725341796875,0.48999786376953125,0.0
2021-02-10-4,0.029998779296875,-0.15999603271484375,-0.4199981689453125,-0.40000152587890625
2021-02-10-5,-0.40999603271484375,-0.3950042724609375,-0.03749847412109375,-0.089996337890625
2021-02-10-6,-0.10150146484375,0.0749969482421875,0.0574951171875,0.25
2021-02-10-7,0.2714996337890625,0.19500732421875,0.25,0.1399993896484375
2021-02-10-1,0.1300048828125,0.0749969482421875,0.04000091552734375,0.04000091552734375
2021-02-11-2,0.15999603271484375,0.12999725341796875,-0.7300033569335938,-0.7750015258789062
2021-02-11-3,-0.8899993896484375,-0.8989944458007812,-0.30999755859375,-0.154998779296875
2021-02-11-4,-0.2050018310546875,-0.02100372314453125,0.220001220703125,0.089996337890625
2021-02-11-5,0.154998779296875,-0.12000274658203125,-0.08499908447265625,-0.0756988525390625
2021-02-11-6,-0.09999847412109375,-0.0399932861328125,0.09600067138671875,0.03569793701171875
2021-02-11-7,0.029998779296875,-0.013702392578125,-0.24100494384765625,-0.1049957275390625
2021-02-11-1,-0.1100006103515625,-0.12630462646484375,0.14000701904296875,-0.07500457763671875
2021-02-12-2,-0.10999298095703125,0.31000518798828125,-0.6800003051757812,-0.09999847412109375
2021-02-12-3,-0.03000640869140625,-0.31310272216796875,0.2899932861328125,-0.29999542236328125
2021-02-12-4,-0.34499359130859375,-0.40689849853515625,-0.12999725341796875,-0.1300048828125
2021-02-12-5,-0.095001220703125,-0.0500030517578125,-0.1100006103515625,-0.05999755859375
2021-02-12-6,-0.06999969482421875,-0.1399993896484375,-0.09999847412109375,0.04720306396484375
2021-02-12-7,0.04000091552734375,0.09999847412109375,0.15999603271484375,0.00439453125
2021-02-12-1,0.0,0.220001220703125,0.03000640869140625,0.1884002685546875
2021-02-16-2,0.156097412109375,0.0200042724609375,-0.45999908447265625,0.06999969482421875
2021-02-16-3,0.093902587890625,0.0,0.18499755859375,-0.05500030517578125
2021-02-16-4,-0.04000091552734375,-0.0200042724609375,0.31500244140625,-0.02500152587890625
2021-02-16-5,-0.0200042724609375,-0.04999542236328125,-0.12900543212890625,-0.029998779296875
2021-02-16-6,-0.04000091552734375,-0.06000518798828125,-0.08100128173828125,-0.252593994140625
2021-02-16-7,-0.25,-0.31999969482421875,-0.08989715576171875,-0.02740478515625
2021-02-16-1,-0.029998779296875,0.01000213623046875,0.04489898681640625,-0.09999847412109375
2021-02-17-2,0.20999908447265625,0.69000244140625,0.06500244140625,0.720001220703125
2021-02-17-3,0.3800048828125,0.339996337890625,0.29999542236328125,-0.13500213623046875
2021-02-17-4,-0.12000274658203125,-0.470001220703125,0.0966033935546875,0.05500030517578125
2021-02-17-5,0.089996337890625,-0.029998779296875,-0.14659881591796875,-0.279998779296875
2021-02-17-6,-0.32999420166015625,-0.31999969482421875,-0.18000030517578125,-0.23000335693359375
2021-02-17-7,-0.20880126953125,-0.1100006103515625,-0.05999755859375,0.06000518798828125
2021-02-17-1,0.07379913330078125,0.19000244140625,0.0749969482421875,0.1100006103515625
2021-02-18-2,0.13500213623046875,0.9599990844726562,0.2050018310546875,1.089996337890625
2021-02-18-3,1.0499954223632812,0.75,0.9399948120117188,0.55999755859375
2021-02-18-4,0.5699996948242188,0.1381988525390625,0.5200042724609375,0.130401611328125
2021-02-18-5,0.15000152587890625,0.07180023193359375,0.29000091552734375,0.1996002197265625
2021-02-18-6,0.19000244140625,-0.04999542236328125,-0.11150360107421875,-0.19000244140625
2021-02-18-7,-0.19000244140625,0.15999603271484375,0.12149810791015625,0.26000213623046875
2021-02-18-1,0.2550048828125,0.0500030517578125,0.18000030517578125,-0.04000091552734375
2021-02-19-2,-0.40500640869140625,-0.20999908447265625,-0.8489990234375,-0.6800003051757812
2021-02-19-3,-0.30999755859375,-0.4850006103515625,-0.2910003662109375,-0.428497314453125
2021-02-19-4,-0.43000030517578125,-0.5450057983398438,-0.29999542236328125,-0.15149688720703125
2021-02-19-5,-0.1699981689453125,0.12000274658203125,0.04000091552734375,-0.12000274658203125
2021-02-19-6,-0.12000274658203125,0.0500030517578125,-0.06000518798828125,0.0500030517578125
2021-02-19-7,0.0500030517578125,-0.3800048828125,-0.26999664306640625,-0.2550048828125
2021-02-19-1,-0.23999786376953125,0.06000518798828125,0.18000030517578125,0.18499755859375
2021-02-22-2,-0.04000091552734375,-0.2400054931640625,-1.94000244140625,-1.9699935913085938
2021-02-22-3,-1.7400054931640625,-1.899993896484375,-0.5376968383789062,-0.5385055541992188
2021-02-22-4,-0.5199966430664062,-0.38010406494140625,-0.6922988891601562,-0.8514938354492188
2021-02-22-5,-0.8700027465820312,-0.8299026489257812,-0.31000518798828125,0.21999359130859375
2021-02-22-6,0.20999908447265625,0.27500152587890625,0.3800048828125,0.19000244140625
2021-02-22-7,0.1999053955078125,0.654998779296875,0.2899932861328125,0.7099990844726562
2021-02-22-1,0.7000961303710938,0.1300048828125,0.5100021362304688,-0.05999755859375
2021-02-23-2,0.44000244140625,1.7399978637695312,0.44000244140625,0.3899993896484375
2021-02-23-3,-0.1100006103515625,-1.1200027465820312,-0.09999847412109375,0.37000274658203125
2021-02-23-4,0.3600006103515625,0.015106201171875,0.190093994140625,-0.2400054931640625
2021-02-23-5,-0.23000335693359375,0.2848968505859375,0.059906005859375,0.5293045043945312
2021-02-23-6,0.5200042724609375,0.29000091552734375,0.5099945068359375,0.24069976806640625
2021-02-23-7,0.2649993896484375,0.04000091552734375,0.23000335693359375,0.1100006103515625
2021-02-23-1,0.095001220703125,0.1999969482421875,0.12000274658203125,-0.100006103515625
2021-02-24-2,-0.0200042724609375,-0.20999908447265625,-1.2000045776367188,-0.2599945068359375
2021-02-24-3,-0.339996337890625,-0.34999847412109375,0.2700042724609375,-0.6350021362304688
2021-02-24-4,-0.660003662109375,-0.5500030517578125,-0.100006103515625,0.00710296630859375
2021-02-24-5,0.04000091552734375,0.23999786376953125,0.18000030517578125,0.3278961181640625
2021-02-24-6,0.330902099609375,0.216400146484375,0.3000030517578125,0.0200042724609375
2021-02-24-7,0.00910186767578125,-0.216400146484375,-0.23000335693359375,-0.18000030517578125
2021-02-24-1,-0.18000030517578125,-0.1699981689453125,-0.21999359130859375,-0.2700042724609375
2021-02-25-2,0.6899948120117188,0.6399993896484375,-0.4900054931640625,-0.36499786376953125
2021-02-25-3,-1.3249969482421875,-1.1100006103515625,0.0200042724609375,-0.11499786376953125
2021-02-25-4,-0.13500213623046875,-0.21999359130859375,-0.410003662109375,-0.20999908447265625
2021-02-25-5,-0.26000213623046875,-0.3350067138671875,-0.43499755859375,-0.220001220703125
2021-02-25-6,-0.1699981689453125,0.18500518798828125,0.31500244140625,0.30999755859375
2021-02-25-7,0.3300018310546875,-0.06999969482421875,-0.01000213623046875,-0.3300018310546875
2021-02-25-1,-0.3300018310546875,0.029998779296875,0.0,0.1300048828125
2021-02-26-2,0.3300018310546875,0.7900009155273438,-0.0200042724609375,0.5099945068359375
2021-02-26-3,0.31999969482421875,-0.20999908447265625,0.160003662109375,-0.5598983764648438
2021-02-26-4,-0.5699996948242188,-0.04000091552734375,0.01000213623046875,0.5598983764648438
2021-02-26-5,0.5699996948242188,-0.26000213623046875,0.279998779296875,-0.23999786376953125
2021-02-26-6,-0.220001220703125,-0.220001220703125,-0.69000244140625,-0.720001220703125
2021-02-26-7,-0.7699966430664062,-0.5999984741210938,-0.19000244140625,-0.2299957275390625
2021-02-26-1,-0.220001220703125,-0.3300018310546875,-0.7899932861328125,-0.7900009155273438
2021-03-01-2,-0.19000244140625,1.3349990844726562,0.5999984741210938,2.0400009155273438
2021-03-01-3,1.4500045776367188,0.33499908447265625,1.354095458984375,0.1999969482421875
2021-03-01-4,0.1999969482421875,0.26000213623046875,0.23590087890625,0.470001220703125
2021-03-01-5,0.470001220703125,-0.05999755859375,0.0800018310546875,-0.43000030517578125
2021-03-01-6,-0.4199981689453125,0.04000091552734375,0.04000091552734375,0.15000152587890625
2021-03-01-7,0.149993896484375,-0.279998779296875,-0.19000244140625,-0.2700042724609375
2021-03-01-1,-0.279998779296875,-0.31000518798828125,-0.43999481201171875,-0.279998779296875
2021-03-02-2,-0.13159942626953125,0.09000396728515625,-0.5900039672851562,-0.5400009155273438
2021-03-02-3,-0.6884002685546875,-0.470001220703125,0.15000152587890625,0.2700042724609375
2021-03-02-4,0.25,0.0,0.2050018310546875,-0.0149993896484375
2021-03-02-5,0.0050048828125,0.1100006103515625,0.08499908447265625,0.274993896484375
2021-03-02-6,0.3050994873046875,0.2949981689453125,0.31999969482421875,0.0149993896484375
2021-03-02-7,0.00989532470703125,0.13500213623046875,-0.20999908447265625,-0.274993896484375
2021-03-02-1,-0.29000091552734375,-0.44499969482421875,-0.06000518798828125,0.0099945068359375
2021-03-03-2,-0.21999359130859375,-0.4550018310546875,-1.3600006103515625,-1.20379638671875
2021-03-03-3,-1.0100021362304688,-0.8249969482421875,-0.05999755859375,0.02379608154296875
2021-03-03-4,0.05999755859375,0.45499420166015625,0.279998779296875,0.4600067138671875
2021-03-03-5,0.46500396728515625,-0.09999847412109375,0.06000518798828125,-0.0800018310546875
2021-03-03-6,-0.095001220703125,0.5800018310546875,0.1649932861328125,0.7092971801757812
2021-03-03-7,0.6949996948242188,0.01999664306640625,0.4250030517578125,-0.189300537109375
2021-03-03-1,-0.16500091552734375,0.0800018310546875,0.19000244140625,0.15000152587890625
2021-03-04-2,0.15000152587890625,1.6595993041992188,0.1100006103515625,1.4749984741210938
2021-03-04-3,1.4599990844726562,-0.01490020751953125,1.2699966430664062,-0.08499908447265625
2021-03-04-4,-0.1100006103515625,0.0153045654296875,-0.37999725341796875,-0.31999969482421875
2021-03-04-5,-0.29000091552734375,-0.1399993896484375,0.09999847412109375,0.3600006103515625
2021-03-04-6,0.34000396728515625,-0.1300048828125,-0.12000274658203125,-0.09999847412109375
2021-03-04-7,-0.09000396728515625,-0.20999908447265625,-0.274993896484375,-0.5100021362304688
2021-03-04-1,-0.5199966430664062,-0.04000091552734375,0.274993896484375,0.121002197265625
2021-03-05-2,0.37999725341796875,1.2300033569335938,0.19000244140625,1.2589950561523438
2021-03-05-3,1.0100021362304688,0.34999847412109375,1.220001220703125,0.44000244140625
2021-03-05-4,0.470001220703125,-0.09000396728515625,-0.31999969482421875,-0.154998779296875
2021-03-05-5,-0.18000030517578125,-0.25,0.06999969482421875,-0.404998779296875
2021-03-05-6,-0.40000152587890625,0.17000579833984375,0.0,0.5400009155273438
2021-03-05-7,0.529998779296875,0.029998779296875,0.5,-0.0050048828125
2021-03-05-1,0.01000213623046875,0.25,0.13500213623046875,-0.024993896484375
2021-03-08-2,-0.10500335693359375,0.5199966430664062,-0.15500640869140625,0.6899948120117188
2021-03-08-3,0.7700042724609375,-0.07999420166015625,0.31000518798828125,0.06000518798828125
2021-03-08-4,0.05500030517578125,0.46999359130859375,0.40999603271484375,0.45999908447265625
2021-03-08-5,0.4799957275390625,0.43000030517578125,0.6100006103515625,0.4799957275390625
2021-03-08-6,0.4850006103515625,0.3300018310546875,0.5100021362304688,0.12000274658203125
2021-03-08-7,0.09999847412109375,-0.15999603271484375,-0.31999969482421875,-0.36499786376953125
2021-03-08-1,-0.36499786376953125,-0.160003662109375,0.06999969482421875,0.13399505615234375
2021-03-09-2,0.5100021362304688,0.5400009155273438,0.04999542236328125,0.180999755859375
2021-03-09-3,-0.20999908447265625,-0.25,0.0,-0.2299957275390625
2021-03-09-4,-0.2700042724609375,-0.18000030517578125,-0.029998779296875,0.29000091552734375
2021-03-09-5,0.35500335693359375,0.33249664306640625,0.154998779296875,-0.06000518798828125
2021-03-09-6,-0.06500244140625,-0.37249755859375,0.04500579833984375,-0.05500030517578125
2021-03-09-7,-0.05999755859375,0.160003662109375,-0.0800018310546875,-0.11499786376953125
2021-03-09-1,-0.12000274658203125,0.029998779296875,0.00240325927734375,0.1100006103515625
2021-03-10-2,0.7300033569335938,0.5349960327148438,-0.0424041748046875,0.40999603271484375
2021-03-10-3,-0.23000335693359375,0.02500152587890625,0.26000213623046875,0.1300048828125
2021-03-10-4,0.160003662109375,-0.1999969482421875,0.04999542236328125,-0.03150177001953125
2021-03-10-5,-0.05300140380859375,0.09999847412109375,0.2350006103515625,0.131500244140625
2021-03-10-6,0.1529998779296875,0.220001220703125,0.30500030517578125,0.1100006103515625
2021-03-10-7,0.1100006103515625,-0.09000396728515625,0.0200042724609375,0.02500152587890625
2021-03-10-1,0.0099945068359375,0.0200042724609375,-0.16500091552734375,-0.18500518798828125
2021-03-11-2,-0.29000091552734375,0.0,-0.41500091552734375,0.1399993896484375
2021-03-11-3,0.220001220703125,0.18000030517578125,0.4499969482421875,0.3000030517578125
2021-03-11-4,0.350006103515625,0.1100006103515625,0.3300018310546875,-0.15000152587890625
2021-03-11-5,-0.17000579833984375,0.0099945068359375,-0.01000213623046875,-0.029998779296875
2021-03-11-6,-0.029998779296875,-0.149993896484375,-0.2599945068359375,-0.15889739990234375
2021-03-11-7,-0.18000030517578125,-0.37000274658203125,-0.5699996948242188,-0.6511001586914062
2021-03-11-1,-0.6399993896484375,-0.6399993896484375,-0.6399993896484375,-0.660003662109375
2021-03-12-2,-0.220001220703125,-0.06000518798828125,-0.29000091552734375,-0.07999420166015625
2021-03-12-3,-0.529998779296875,-0.25,0.089996337890625,0.2899932861328125
2021-03-12-4,0.3000030517578125,0.1300048828125,0.3800048828125,0.2700042724609375
2021-03-12-5,0.279998779296875,0.5100021362304688,0.30999755859375,0.35849761962890625
2021-03-12-6,0.3600006103515625,0.25,0.3535003662109375,0.2714996337890625
2021-03-12-7,0.26999664306640625,0.23999786376953125,0.2664947509765625,0.23000335693359375
2021-03-12-1,0.23000335693359375,-0.125,-0.1199951171875,-0.3000030517578125
2021-03-15-2,-0.2700042724609375,0.845001220703125,0.0800018310546875,0.23270416259765625
2021-03-15-3,0.220001220703125,-0.43000030517578125,0.06999969482421875,0.227294921875
2021-03-15-4,0.23999786376953125,-0.1100006103515625,0.17499542236328125,0.09000396728515625
2021-03-15-5,0.06999969482421875,0.26000213623046875,0.24500274658203125,0.18000030517578125
2021-03-15-6,0.18000030517578125,0.23999786376953125,0.18000030517578125,0.1100006103515625
2021-03-15-7,0.1100006103515625,-0.170501708984375,-0.08499908447265625,0.08499908447265625
2021-03-15-1,0.0800018310546875,0.35050201416015625,0.0749969482421875,0.3249969482421875
2021-03-16-2,-0.15999603271484375,0.7599945068359375,0.09000396728515625,0.7300033569335938
2021-03-16-3,1.2199935913085938,0.2467041015625,1.0999984741210938,0.23999786376953125
2021-03-16-4,0.20000457763671875,-0.05670166015625,-0.3800048828125,-0.12000274658203125
2021-03-16-5,-0.09000396728515625,-0.0149993896484375,0.30500030517578125,0.1100006103515625
2021-03-16-6,0.1100006103515625,0.18499755859375,0.19499969482421875,0.1300048828125
2021-03-16-7,0.1100006103515625,0.04500579833984375,0.0,-0.19000244140625
2021-03-16-1,-0.15999603271484375,0.05500030517578125,0.125,0.339996337890625
2021-03-17-2,0.18000030517578125,0.15999603271484375,-0.3549957275390625,-0.1999969482421875
2021-03-17-3,-0.03000640869140625,-0.04000091552734375,0.26000213623046875,-0.1999969482421875
2021-03-17-4,-0.23999786376953125,-0.40000152587890625,-0.18000030517578125,-0.2400054931640625
2021-03-17-5,-0.220001220703125,-0.149993896484375,-0.06000518798828125,-0.01999664306640625
2021-03-17-6,0.01000213623046875,0.1100006103515625,-0.31999969482421875,-0.34020233154296875
2021-03-17-7,-0.40000152587890625,-0.40000152587890625,-0.06999969482421875,0.27020263671875
2021-03-17-1,0.3000030517578125,-0.04000091552734375,-0.4499969482421875,-0.6699981689453125
2021-03-18-2,-0.5100021362304688,-0.160003662109375,-0.25,-0.350006103515625
2021-03-18-3,-0.5800018310546875,-0.8299942016601562,-0.410003662109375,-0.07999420166015625
2021-03-18-4,0.01000213623046875,-0.0800018310546875,-0.0749969482421875,-0.20999908447265625
2021-03-18-5,-0.20999908447265625,0.3600006103515625,0.2050018310546875,0.5699996948242188
2021-03-18-6,0.55999755859375,0.3300018310546875,0.5199966430664062,0.29999542236328125
2021-03-18-7,0.31999969482421875,0.10999298095703125,0.23999786376953125,0.13500213623046875
2021-03-18-1,0.12000274658203125,0.17000579833984375,0.09000396728515625,0.11499786376953125
2021-03-19-2,0.37000274658203125,0.3899993896484375,-0.31999969482421875,0.09000396728515625
2021-03-19-3,-0.17000579833984375,-0.1150054931640625,0.43000030517578125,-0.01000213623046875
2021-03-19-4,-0.03499603271484375,0.46500396728515625,0.1999969482421875,0.6999969482421875
2021-03-19-5,0.720001220703125,0.089996337890625,0.5100021362304688,-0.1100006103515625
2021-03-19-6,-0.10500335693359375,0.100006103515625,0.15999603271484375,0.3000030517578125
2021-03-19-7,0.2700042724609375,0.5,0.2400054931640625,0.160003662109375
2021-03-19-1,0.18999481201171875,0.01999664306640625,0.04999542236328125,-0.06000518798828125
2021-03-22-2,0.410003662109375,0.20819854736328125,-0.399993896484375,0.40000152587890625
2021-03-22-3,-0.06999969482421875,-0.1551971435546875,0.34999847412109375,-0.44000244140625
2021-03-22-4,-0.45000457763671875,-0.28299713134765625,0.07999420166015625,0.2400054931640625
2021-03-22-5,0.2400054931640625,-0.03000640869140625,0.0,-0.11370086669921875
2021-03-22-6,-0.125,-0.1349945068359375,-0.45499420166015625,-0.5662994384765625
2021-03-22-7,-0.5550003051757812,0.024993896484375,0.04999542236328125,0.5400009155273438
2021-03-22-1,0.529998779296875,-0.0099945068359375,0.31500244140625,-0.06999969482421875
2021-03-23-2,0.279998779296875,0.6389999389648438,0.0,0.6699981689453125
2021-03-23-3,0.34999847412109375,0.27099609375,0.6500015258789062,0.30999755859375
2021-03-23-4,0.279998779296875,0.4900054931640625,0.43999481201171875,0.25
2021-03-23-5,0.2700042724609375,-0.23000335693359375,-0.089996337890625,-0.089996337890625
2021-03-23-6,-0.09999847412109375,0.12000274658203125,0.12999725341796875,0.1649932861328125
2021-03-23-7,0.1699981689453125,0.09999847412109375,-0.2299957275390625,-0.55499267578125
2021-03-23-1,-0.5800018310546875,-0.44000244140625,-0.0500030517578125,0.2299957275390625
2021-03-24-2,-0.18000030517578125,0.12400054931640625,-0.5499954223632812,-0.25
2021-03-24-3,0.20000457763671875,0.246002197265625,0.5399932861328125,0.45999908447265625
2021-03-24-4,0.45749664306640625,0.12999725341796875,0.48000335693359375,0.1399993896484375
2021-03-24-5,0.1425018310546875,0.01000213623046875,0.01000213623046875,-0.06999969482421875
2021-03-24-6,-0.09000396728515625,-0.1399993896484375,-0.1399993896484375,-0.0099945068359375
2021-03-24-7,-0.00499725341796875,0.28029632568359375,0.18000030517578125,0.339996337890625
2021-03-24-1,0.3249969482421875,0.112701416015625,-0.06999969482421875,-0.26000213623046875
2021-03-25-2,0.5999984741210938,0.36699676513671875,-0.4600067138671875,-0.10799407958984375
2021-03-25-3,-0.9469985961914062,-0.25,0.29500579833984375,0.287994384765625
2021-03-25-4,0.27700042724609375,-0.32999420166015625,-0.125,-0.5800018310546875
2021-03-25-5,-0.55999755859375,-0.25,-0.0500030517578125,0.2350006103515625
2021-03-25-6,0.20999908447265625,0.05500030517578125,0.0800018310546875,-0.154998779296875
2021-03-25-7,-0.12999725341796875,-0.06500244140625,0.06999969482421875,0.20000457763671875
2021-03-25-1,0.18000030517578125,-0.02500152587890625,0.09999847412109375,-0.160003662109375
2021-03-26-2,-0.5900039672851562,-0.12509918212890625,-0.964996337890625,-0.94000244140625
2021-03-26-3,-0.5100021362304688,-0.41609954833984375,-0.06500244140625,0.42000579833984375
2021-03-26-4,0.42000579833984375,-0.09380340576171875,0.25,0.04999542236328125
2021-03-26-5,0.05500030517578125,0.32000732421875,0.25,0.26000213623046875
2021-03-26-6,0.2649993896484375,0.0399932861328125,0.1100006103515625,0.12999725341796875
2021-03-26-7,0.1100006103515625,-0.0399932861328125,0.04999542236328125,-0.149993896484375
2021-03-26-1,-0.1399993896484375,0.37999725341796875,-0.029998779296875,0.5
2021-03-29-2,0.09999847412109375,0.05999755859375,-0.04999542236328125,-0.12000274658203125
2021-03-29-3,0.25,0.6200027465820312,0.34999847412109375,0.8600006103515625
2021-03-29-4,0.8799972534179688,-0.01000213623046875,0.68499755859375,-0.23000335693359375
2021-03-29-5,-0.2299957275390625,0.20999908447265625,0.13500213623046875,0.3300018310546875
2021-03-29-6,0.32999420166015625,0.06000518798828125,0.28499603271484375,0.0500030517578125
2021-03-29-7,0.07500457763671875,0.14499664306640625,-0.0449981689453125,0.06999969482421875
2021-03-29-1,0.0449981689453125,-0.14499664306640625,0.0050048828125,-0.09000396728515625
2021-03-30-2,-0.410003662109375,-0.4600067138671875,-1.4200057983398438,-1.0149993896484375
2021-03-30-3,-0.654998779296875,-0.654998779296875,-0.22499847412109375,-0.8050003051757812
2021-03-30-4,-0.8411941528320312,-0.7249984741210938,-0.3300018310546875,-0.1100006103515625
2021-03-30-5,-0.118804931640625,0.43000030517578125,0.20000457763671875,0.5699996948242188
2021-03-30-6,0.5849990844726562,0.1399993896484375,0.5100021362304688,0.0500030517578125
2021-03-30-7,0.0500030517578125,0.19000244140625,0.09999847412109375,0.2299957275390625
2021-03-30-1,0.220001220703125,-0.09000396728515625,-0.06999969482421875,-0.04999542236328125
